"Species NCBI TaxID"|"Species ECOTOX Number"|
426484|49938|
426484|49938|
426484|49938|
219752|16126|
426484|49938|
426484|49938|
7955|5156|
7955|5156|
90988|1|
7955|5156|
6161|4764|
6161|4764|
6161|4764|
6161|4764|
37003|1517|
37003|1517|
37003|1517|
7955|5156|
6161|4764|
6161|4764|
6161|4764|
6161|4764|
6161|4764|
6161|4764|
6161|4764|
294128|52|
294128|52|
7176|397|
7176|397|
7176|397|
7176|397|
7176|397|
7176|397|
7176|397|
7176|397|
7176|397|
7176|397|
7176|397|
7176|397|
7176|397|
7176|397|
7176|397|
7165|2919|
7165|2919|
7165|2919|
7165|2919|
7165|2919|
7165|2919|
|18447|
|18447|
7159|230|
7165|2919|
7165|2919|
7165|2919|
7165|2919|
7165|2919|
104385|4734|
7955|5156|
7955|5156|
7955|5156|
7955|5156|
7955|5156|
6161|4764|
6161|4764|
6161|4764|
6161|4764|
35525|5|
7955|5156|
7955|5156|
29158|385|
|16801|
7955|5156|
7955|5156|
29158|385|
7955|5156|
35525|5|
35525|5|
35525|5|
90988|1|
8022|4|
35525|5|
304018|41903|
304018|41903|
304018|41903|
304018|41903|
8084|1681|
8084|1681|
8084|1681|
8084|1681|
42528|11805|
37273|4393|
37273|4393|
37273|4393|
37273|4393|
48699|73|
48699|73|
48699|73|
48699|73|
1606681|41904|
1606681|41904|
1606681|41904|
313441|1632|
1606681|41904|
7955|5156|
8081|28|
7955|5156|
7955|5156|
7955|5156|
7955|5156|
8081|28|
8081|28|
8081|28|
7957|25|
7962|21|
6161|4764|
6161|4764|
6161|4764|
6161|4764|
7955|5156|
7955|5156|
7955|5156|
7955|5156|
7955|5156|
7955|5156|
7955|5156|
7955|5156|
7955|5156|
7955|5156|
7955|5156|
|1579|
|1847|
|1579|
|1579|
|1847|
|1847|
|1579|
|1847|
|1847|
|1847|
55967|29537|
|1847|
|1579|
|1847|
|1579|
|1847|
|1579|
7159|230|
29158|385|
1400849|4389|
158387|6038|
30732|20710|
12922|16496|
55976|29013|
6660|421|
6660|421|
6660|421|
6161|4764|
6161|4764|
6161|4764|
6161|4764|
6161|4764|
6161|4764|
6161|4764|
45438|2353|
45438|2353|
45438|2353|
45438|2353|
7955|5156|
6161|4764|
6161|4764|
6161|4764|
6161|4764|
6161|4764|
6161|4764|
6161|4764|
35525|5|
35525|5|
7955|5156|
7955|5156|
7955|5156|
7955|5156|
7955|5156|
7955|5156|
7955|5156|
360686|16315|
360686|16315|
104777|1747|
6161|4764|
6161|4764|
6161|4764|
6161|4764|
6161|4764|
6161|4764|
6161|4764|
6161|4764|
6161|4764|
6161|4764|
6161|4764|
6161|4764|
7955|5156|
117530|2371|
7955|5156|
7955|5156|
7955|5156|
245074|2513|
7955|5156|
7955|5156|
35525|5|
129027|31029|
159741|1460|
205134|1584|
205134|1584|
93621|352|
93621|352|
93621|352|
205134|1584|
205134|1584|
93621|352|
7955|5156|
7955|5156|
7955|5156|
7955|5156|
7955|5156|
7955|5156|
7955|5156|
7955|5156|
7955|5156|
7955|5156|
|32983|
|32983|
178295|676|
|18447|
7159|230|
7159|230|
7153|85|
644998|635|
644998|635|
644998|635|
644998|635|
644998|635|
644998|635|
644998|635|
644998|635|
644998|635|
644998|635|
644998|635|
8355|206|
35525|5|
35525|5|
35525|5|
35525|5|
35525|5|
35525|5|
35525|5|
35525|5|
35525|5|
35525|5|
35525|5|
35525|5|
35525|5|
35525|5|
35525|5|
35525|5|
35525|5|
35525|5|
35525|5|
35525|5|
6161|4764|
6161|4764|
6161|4764|
6161|4764|
|16801|
7955|5156|
7955|5156|
7955|5156|
7955|5156|
7955|5156|
7955|5156|
7955|5156|
6161|4764|
6161|4764|
6161|4764|
6161|4764|
245074|2513|
7955|5156|
8355|206|
6660|421|
6660|421|
85549|366|
6660|421|
35525|5|
84645|202|
84645|202|
75329|997|
13013|2079|
13013|2079|
72446|572|
75329|997|
75329|997|
13013|2079|
13013|2079|
683832|422|
683832|422|
683832|422|
683832|422|
683832|422|
683832|422|
683832|422|
683832|422|
683832|422|
683832|422|
683832|422|
683832|422|
683832|422|
84645|202|
683832|422|
683832|422|
683832|422|
683832|422|
683832|422|
683832|422|
683832|422|
683832|422|
84645|202|
84645|202|
|33372|
|33372|
72446|572|
84645|202|
13013|2079|
304456|418|
13013|2079|
7955|5156|
7955|5156|
7955|5156|
7955|5156|
7955|5156|
7955|5156|
7955|5156|
7955|5156|
7955|5156|
7955|5156|
7955|5156|
|1049|
|1049|
|1049|
|1049|
|1049|
|1049|
7153|85|
7153|85|
255478|25539|
255478|25539|
255478|25539|
255478|25539|
56106|1341|
8346|19239|
47562|3052|
160499|17201|
224134|29493|
77707|2310|
425018|500|
77707|2310|
77707|2310|
159741|1460|
224134|29493|
93621|352|
93621|352|
93621|352|
93621|352|
64150|579|
84645|202|
84645|202|
84645|202|
84645|202|
64150|579|
64150|579|
64150|579|
8022|4|
8022|4|
8022|4|
8022|4|
7192|1173|
7159|230|
1213214|16102|
104777|1747|
52396|374|
7955|5156|
6161|4764|
6161|4764|
6161|4764|
6161|4764|
279094|39951|
50959|494|
|1847|
|1847|
7159|230|
7955|5156|
6660|421|
7955|5156|
90988|1|
7955|5156|
7955|5156|
7955|5156|
7955|5156|
7955|5156|
7955|5156|
294128|52|
294128|52|
|18447|
|18447|
294128|52|
294128|52|
|18447|
8389|29629|
43114|971|
43114|971|
43114|971|
43114|971|
189920|10828|
189920|10828|
189920|10828|
189920|10828|
8389|29629|
8389|29629|
8389|29629|
145282|28123|
45438|2353|
45438|2353|
45438|2353|
45438|2353|
|34562|
90988|1|
7955|5156|
35525|5|
35525|5|
35525|5|
35525|5|
35525|5|
28743|86|
28743|86|
28743|86|
28743|86|
28743|86|
35525|5|
28743|86|
7955|5156|
104777|1747|
7955|5156|
7955|5156|
7159|230|
7955|5156|
7955|5156|
117530|2371|
35525|5|
117530|2371|
7955|5156|
7955|5156|
7955|5156|
7955|5156|
7955|5156|
7955|5156|
35525|5|
35525|5|
35525|5|
35525|5|
35525|5|
7955|5156|
7955|5156|
7955|5156|
7955|5156|
7955|5156|
7955|5156|
7955|5156|
28743|86|
28743|86|
28743|86|
28743|86|
|31668|
7175|210|
7175|210|
|4985|
324873|16284|
335913|52970|
213326|52971|
159736|7314|
35525|5|
51549|353|
304456|418|
7955|5156|
7955|5156|
7955|5156|
7955|5156|
7955|5156|
7955|5156|
7955|5156|
7955|5156|
7955|5156|
7955|5156|
7955|5156|
7957|25|
33397|81|
129788|4735|
76587|233|
7955|5156|
7955|5156|
38577|1194|
38577|1194|
38577|1194|
38577|1194|
38577|1194|
38577|1194|
38577|1194|
38577|1194|
38577|1194|
38577|1194|
38577|1194|
38577|1194|
38577|1194|
38577|1194|
38577|1194|
38577|1194|
38577|1194|
38577|1194|
38577|1194|
38577|1194|
38577|1194|
38577|1194|
38577|1194|
38577|1194|
38577|1194|
38577|1194|
38577|1194|
38577|1194|
38577|1194|
38577|1194|
38577|1194|
8355|206|
8355|206|
80839|27991|
112780|19979|
112780|19979|
92525|609|
112780|19979|
92525|609|
37003|1517|
37003|1517|
37003|1517|
90988|1|
7955|5156|
7955|5156|
7955|5156|
7955|5156|
7955|5156|
7955|5156|
7955|5156|
7955|5156|
7955|5156|
7955|5156|
7955|5156|
7955|5156|
7955|5156|
7955|5156|
7955|5156|
7955|5156|
7955|5156|
7955|5156|
|31668|
|18268|
6161|4764|
6161|4764|
6161|4764|
6161|4764|
6161|4764|
6161|4764|
6161|4764|
90988|1|
7955|5156|
7955|5156|
7955|5156|
7955|5156|
7955|5156|
7955|5156|
7955|5156|
8355|206|
8355|206|
8355|206|
8355|206|
8355|206|
8355|206|
|1847|
55967|29537|
7159|230|
8355|206|
8355|206|
8355|206|
7955|5156|
7955|5156|
|32516|
|32516|
|32516|
|27874|
604281|224|
604281|224|
6161|4764|
6161|4764|
6161|4764|
6161|4764|
150844|901|
315576|964|
315576|964|
7955|5156|
7955|5156|
7955|5156|
52641|372|
52641|372|
52641|372|
52641|372|
52641|372|
52641|372|
7955|5156|
7955|5156|
419468|31720|
236578|5984|
236578|5984|
419468|31720|
419468|31720|
419468|31720|
167952|32268|
35525|5|
35525|5|
35525|5|
35525|5|
35525|5|
70548|41217|
933992|41207|
70548|41217|
70548|41217|
245074|2513|
933992|41207|
933992|41207|
70548|41217|
933992|41207|
7955|5156|
7955|5156|
75356|41211|
75356|41211|
75356|41211|
75356|41211|
315576|964|
315576|964|
315576|964|
315576|964|
|1618|
|1618|
|1618|
|1618|
90988|1|
7955|5156|
7175|210|
7175|210|
7159|230|
7159|230|
7175|210|
7175|210|
245074|2513|
7955|5156|
|1847|
|1847|
7159|230|
55967|29537|
|1847|
|1847|
7159|230|
|1847|
|1847|
7159|230|
|1640|
|1640|
|1640|
|1640|
|1640|
|1640|
|1640|
|1640|
6161|4764|
6161|4764|
6161|4764|
6161|4764|
6161|4764|
6161|4764|
6161|4764|
6161|4764|
224134|29493|
224134|29493|
30879|128|
8128|485|
8128|485|
8128|485|
30879|128|
8128|485|
90988|1|
7955|5156|
6161|4764|
6161|4764|
6161|4764|
6161|4764|
|46988|
72446|572|
197464|39433|
105023|48206|
105023|48206|
242982|48207|
105023|48206|
143606|11739|
7984|455|
7984|455|
7984|455|
37268|2195|
105023|48206|
105023|48206|
105023|48206|
105023|48206|
105023|48206|
105023|48206|
143606|11739|
105023|48206|
105023|48206|
105023|48206|
105023|48206|
7955|5156|
7955|5156|
7955|5156|
7955|5156|
7955|5156|
7955|5156|
7955|5156|
90988|1|
7955|5156|
7955|5156|
7955|5156|
7955|5156|
7955|5156|
90988|1|
52641|372|
52641|372|
52641|372|
52641|372|
52641|372|
52641|372|
104777|1747|
|1640|
|1640|
|1640|
|1640|
|1640|
|1640|
|1640|
|1640|
|2422|
7176|397|
7159|230|
7159|230|
7955|5156|
6161|4764|
6161|4764|
6161|4764|
6161|4764|
7159|230|
7160|1770|
52641|372|
52641|372|
52641|372|
52641|372|
52641|372|
52641|372|
33397|81|
33397|81|
91582|2638|
104777|1747|
7955|5156|
91582|2638|
7955|5156|
7955|5156|
7955|5156|
7955|5156|
|31668|
360686|16315|
360686|16315|
6161|4764|
6161|4764|
6161|4764|
6161|4764|
80839|27991|
294128|52|
294128|52|
294128|52|
93621|352|
13106|2|
90988|1|
13106|2|
90988|1|
13106|2|
7955|5156|
8022|4|
8022|4|
8022|4|
39722|5855|
39722|5855|
283747|11781|
283747|11781|
61662|640|
7175|210|
7175|210|
7160|1770|
7955|5156|
7955|5156|
7955|5156|
33397|81|
33397|81|
|212|
7955|5156|
7955|5156|
35525|5|
6161|4764|
6161|4764|
6161|4764|
6161|4764|
52960|497|
3077|479|
42846|170|
5885|1165|
104777|1747|
6161|4764|
6161|4764|
6161|4764|
6161|4764|
7176|397|
7176|397|
|1049|
7176|397|
7176|397|
|1049|
|1049|
|1049|
7176|397|
7176|397|
7176|397|
7176|397|
7176|397|
7176|397|
7176|397|
7176|397|
7176|397|
|1049|
7176|397|
|1049|
7176|397|
7176|397|
7159|230|
7955|5156|
7955|5156|
7955|5156|
7955|5156|
418411|1568|
221298|2457|
505729|16073|
197464|39433|
197464|39433|
197464|39433|
197464|39433|
197464|39433|
197464|39433|
197464|39433|
197464|39433|
197464|39433|
197464|39433|
197464|39433|
197464|39433|
197464|39433|
197464|39433|
197464|39433|
197464|39433|
197464|39433|
197464|39433|
197464|39433|
197464|39433|
197464|39433|
197464|39433|
197464|39433|
197464|39433|
197464|39433|
197464|39433|
197464|39433|
197464|39433|
197464|39433|
197464|39433|
197464|39433|
197464|39433|
197464|39433|
197464|39433|
197464|39433|
197464|39433|
197464|39433|
197464|39433|
197464|39433|
197464|39433|
197464|39433|
197464|39433|
197464|39433|
197464|39433|
197464|39433|
197464|39433|
197464|39433|
197464|39433|
197464|39433|
197464|39433|
197464|39433|
197464|39433|
197464|39433|
197464|39433|
197464|39433|
197464|39433|
197464|39433|
197464|39433|
197464|39433|
996475|31065|
996475|31065|
415615|5911|
415615|5911|
|5899|
|29050|
|29050|
236578|5984|
236578|5984|
72446|572|
84645|202|
84645|202|
84645|202|
72446|572|
84645|202|
7955|5156|
7955|5156|
7955|5156|
515277|40974|
35525|5|
35525|5|
143606|11739|
7955|5156|
7955|5156|
7955|5156|
7955|5156|
35525|5|
35525|5|
143606|11739|
7955|5156|
7955|5156|
7955|5156|
52641|372|
6763|76|
52641|372|
52641|372|
52641|372|
6763|76|
52641|372|
52641|372|
6763|76|
6763|76|
7955|5156|
7955|5156|
35525|5|
315576|964|
6161|4764|
6161|4764|
6161|4764|
6161|4764|
6161|4764|
6161|4764|
6161|4764|
6161|4764|
6161|4764|
6161|4764|
6161|4764|
6161|4764|
7159|230|
38577|1194|
112780|19979|
112780|19979|
112780|19979|
52641|372|
52641|372|
52641|372|
52641|372|
52641|372|
52641|372|
7955|5156|
7955|5156|
7955|5156|
7955|5156|
58519|30614|
58519|30614|
145282|28123|
224134|29493|
6660|421|
6660|421|
746529|28850|
224134|29493|
|2714|
6660|421|
52641|372|
117530|2371|
52641|372|
52641|372|
117530|2371|
35525|5|
52641|372|
52641|372|
52641|372|
35525|5|
35525|5|
13013|2079|
84645|202|
510768|28849|
268477|28846|
8128|485|
268476|7370|
8128|485|
272067|28845|
30879|128|
8128|485|
84645|202|
84645|202|
84645|202|
84645|202|
42526|20159|
7176|397|
7176|397|
7176|397|
7175|210|
7176|397|
7175|210|
7176|397|
7176|397|
136726|1843|
7176|397|
7175|210|
7176|397|
7176|397|
7176|397|
7175|210|
7176|397|
7175|210|
7176|397|
7176|397|
|28852|
7175|210|
7176|397|
7176|397|
1161193|28851|
7175|210|
7175|210|
7175|210|
7159|230|
7159|230|
7159|230|
7159|230|
7159|230|
7159|230|
7159|230|
7159|230|
7159|230|
7159|230|
7159|230|
7159|230|
7159|230|
7159|230|
7159|230|
7159|230|
7159|230|
7159|230|
7159|230|
7159|230|
7159|230|
7159|230|
7159|230|
7159|230|
7159|230|
7159|230|
7159|230|
7159|230|
7159|230|
7159|230|
7159|230|
7159|230|
7159|230|
7159|230|
7159|230|
7159|230|
7159|230|
7159|230|
7160|1770|
7160|1770|
7160|1770|
7160|1770|
7160|1770|
7160|1770|
7160|1770|
7160|1770|
7160|1770|
7160|1770|
7160|1770|
1213213|51775|
527797|28853|
|16354|
28743|86|
28743|86|
28743|86|
7175|210|
7175|210|
|1847|
|1579|
|1579|
|1847|
|1847|
|1847|
|1847|
|1847|
|1579|
|1579|
|1579|
|1847|
|1579|
|1579|
7159|230|
7159|230|
7159|230|
7159|230|
7159|230|
7159|230|
8364|27767|
8364|27767|
8364|27767|
8364|27767|
6720|5528|
6720|5528|
6720|5528|
7955|5156|
90988|1|
7175|210|
7175|210|
35525|5|
35525|5|
35525|5|
35525|5|
7955|5156|
7955|5156|
7175|210|
7175|210|
7955|5156|
45438|2353|
45438|2353|
45438|2353|
45438|2353|
7955|5156|
|1847|
55967|29537|
7159|230|
8355|206|
8355|206|
8355|206|
|18268|
6161|4764|
6161|4764|
6161|4764|
6161|4764|
6161|4764|
6161|4764|
6161|4764|
6161|4764|
7955|5156|
50429|20669|
50429|20669|
50429|20669|
50429|20669|
50429|20669|
50429|20669|
50429|20669|
6161|4764|
6161|4764|
6161|4764|
6161|4764|
136180|376|
136180|376|
6161|4764|
6161|4764|
6161|4764|
6161|4764|
50429|20669|
50429|20669|
50429|20669|
50429|20669|
50429|20669|
46731|4589|
50429|20669|
50429|20669|
48500|4661|
50429|20669|
262287|43651|
63558|4796|
50429|20669|
50429|20669|
104758|4683|
6130|26011|
6161|4764|
6161|4764|
6161|4764|
6161|4764|
|1847|
55967|29537|
|1847|
7159|230|
8022|4|
8022|4|
8022|4|
8022|4|
|16801|
6161|4764|
6161|4764|
6161|4764|
6161|4764|
7955|5156|
7955|5156|
7955|5156|
56106|1341|
6660|421|
7955|5156|
7955|5156|
7955|5156|
7176|397|
|2422|
7159|230|
|1640|
|1640|
|1640|
|1640|
|1640|
|1640|
|1640|
|1640|
8364|27767|
8364|27767|
8364|27767|
8364|27767|
52641|372|
52641|372|
52641|372|
52641|372|
52641|372|
52641|372|
8127|134|
8127|134|
84645|202|
8127|134|
8127|134|
84645|202|
35525|5|
90988|1|
90988|1|
6161|4764|
6161|4764|
6161|4764|
6161|4764|
75329|997|
75329|997|
75329|997|
|27853|
|27853|
|27853|
|27853|
|27853|
|27853|
|27853|
|27853|
|27853|
|27853|
|27853|
|27853|
|27853|
|27853|
|27853|
|27853|
|27853|
|27853|
|27853|
|27853|
|27853|
37268|2195|
7955|5156|
35525|5|
7962|21|
7962|21|
7962|21|
7159|230|
104385|4734|
37268|2195|
8081|28|
6087|2807|
1213214|16102|
84645|202|
304456|418|
8019|23|
8019|23|
90988|1|
7955|5156|
7955|5156|
7955|5156|
8022|4|
|31668|
6161|4764|
6161|4764|
6161|4764|
6161|4764|
|1847|
|1847|
7159|230|
6565|67|
6565|67|
6565|67|
6596|55|
6596|55|
6596|55|
7955|5156|
7955|5156|
7955|5156|
7955|5156|
7955|5156|
35525|5|
35525|5|
35525|5|
35525|5|
35525|5|
7955|5156|
104777|1747|
7955|5156|
35525|5|
7955|5156|
6161|4764|
6161|4764|
6161|4764|
6161|4764|
197464|39433|
1400849|4389|
159741|1460|
6660|421|
158387|6038|
1232801|1780|
52904|1977|
52904|1977|
30732|20710|
55976|29013|
12922|16496|
29159|575|
29159|575|
216498|5611|
8403|4926|
7955|5156|
7955|5156|
38577|1194|
38577|1194|
38577|1194|
38577|1194|
38577|1194|
38577|1194|
38577|1194|
38577|1194|
38577|1194|
38577|1194|
38577|1194|
38577|1194|
38577|1194|
38577|1194|
38577|1194|
38577|1194|
8355|206|
8355|206|
8355|206|
236578|5984|
6660|421|
6660|421|
1169710|2997|
1169710|2997|
1169710|2997|
1169710|2997|
236578|5984|
6660|421|
52641|372|
117530|2371|
294128|52|
52641|372|
52641|372|
52641|372|
52641|372|
52641|372|
52641|372|
52641|372|
117530|2371|
52641|372|
294128|52|
52641|372|
6689|11779|
6689|11779|
6689|11779|
6689|11779|
52904|1977|
52904|1977|
52904|1977|
52904|1977|
52904|1977|
|1025|
115984|32018|
115984|32018|
115984|32018|
8084|1681|
8084|1681|
8084|1681|
8084|1681|
96903|811|
96903|811|
96903|811|
96903|811|
115984|32018|
245074|2513|
48668|42|
461509|31362|
|1025|
8083|287|
8083|287|
8083|287|
8083|287|
310915|31626|
310915|31626|
310915|31626|
310915|31626|
|1025|
|1025|
7955|5156|
33527|1936|
7955|5156|
33527|1936|
33527|1936|
33527|1936|
7962|21|
7962|21|
7962|21|
7962|21|
8022|4|
8022|4|
8022|4|
8022|4|
7192|1173|
50959|494|
35525|5|
8356|1492|
30331|34527|
159736|7314|
35525|5|
51549|353|
7955|5156|
7955|5156|
90988|1|
7955|5156|
7955|5156|
7955|5156|
7955|5156|
7955|5156|
7955|5156|
7955|5156|
7957|25|
33397|81|
104777|1747|
570432|39149|
6161|4764|
6161|4764|
6161|4764|
6161|4764|
76587|233|
8356|1492|
7955|5156|
8022|4|
7955|5156|
7955|5156|
7955|5156|
7955|5156|
104777|1747|
7955|5156|
8356|1492|
35525|5|
7955|5156|
7955|5156|
7955|5156|
7955|5156|
7955|5156|
7955|5156|
7955|5156|
6161|4764|
6161|4764|
6161|4764|
6161|4764|
104777|1747|
35525|5|
7955|5156|
7955|5156|
7955|5156|
7955|5156|
7175|210|
7175|210|
7175|210|
7175|210|
7159|230|
7159|230|
|1847|
|1847|
7159|230|
7160|1770|
|1847|
|1847|
7159|230|
|1847|
|1847|
7159|230|
|1847|
|1847|
7159|230|
|1847|
|1847|
7159|230|
|1847|
|1847|
7159|230|
35525|5|
7955|5156|
7955|5156|
|1847|
|1847|
7159|230|
55967|29537|
|1847|
7159|230|
35525|5|
|1847|
|1847|
7159|230|
7955|5156|
52641|372|
52641|372|
52641|372|
52641|372|
52641|372|
52641|372|
13013|2079|
72446|572|
72446|572|
72446|572|
7955|5156|
7955|5156|
7955|5156|
7955|5156|
7955|5156|
7955|5156|
7955|5156|
7955|5156|
7955|5156|
7955|5156|
6161|4764|
6161|4764|
6161|4764|
6161|4764|
52641|372|
52641|372|
52641|372|
52641|372|
52641|372|
52641|372|
7176|397|
219752|16126|
|1847|
55967|29537|
7159|230|
136180|376|
104777|1747|
6161|4764|
6161|4764|
6161|4764|
6161|4764|
6161|4764|
6161|4764|
6161|4764|
6161|4764|
104777|1747|
7955|5156|
7955|5156|
|1847|
55967|29537|
|1847|
7159|230|
35525|5|
35525|5|
35525|5|
35525|5|
35525|5|
28743|86|
28743|86|
28743|86|
28743|86|
28743|86|
7955|5156|
7955|5156|
7955|5156|
34765|46994|
7955|5156|
29159|575|
29159|575|
129027|31029|
197464|39433|
41006|28501|
41006|28501|
41006|28501|
41006|28501|
8128|485|
35525|5|
|31668|
6161|4764|
6161|4764|
6161|4764|
6161|4764|
|31668|
6161|4764|
6161|4764|
6161|4764|
6161|4764|
8022|4|
8364|27767|
8364|27767|
218685|51910|
8364|27767|
8364|27767|
6161|4764|
6161|4764|
6161|4764|
6161|4764|
6161|4764|
6161|4764|
6161|4764|
6161|4764|
6720|5528|
6720|5528|
6720|5528|
7957|25|
29159|575|
29159|575|
7955|5156|
30338|29868|
8406|9943|
30338|29868|
30338|29868|
8406|9943|
30338|29868|
30338|29868|
30338|29868|
30338|29868|
30338|29868|
30338|29868|
8406|9943|
8406|9943|
30338|29868|
30338|29868|
8406|9943|
8406|9943|
8406|9943|
8406|9943|
30338|29868|
30338|29868|
8355|206|
8355|206|
8355|206|
8355|206|
8355|206|
8355|206|
8355|206|
8355|206|
85549|366|
35525|5|
35525|5|
8364|27767|
8364|27767|
8364|27767|
8364|27767|
8081|28|
13489|365|
7955|5156|
7955|5156|
7955|5156|
7955|5156|
7955|5156|
8406|9943|
110072|34396|
218685|51910|
8406|9943|
8406|9943|
8406|9943|
318334|52888|
129027|31029|
110072|34396|
110072|34396|
110072|34396|
364765|52467|
197464|39433|
8355|206|
8355|206|
|1582|
|1582|
|1582|
|1582|
35525|5|
35525|5|
304456|418|
75329|997|
304456|418|
75329|997|
304456|418|
13013|2079|
13013|2079|
304456|418|
13013|2079|
7955|5156|
8090|109|
7955|5156|
8081|28|
7962|21|
7962|21|
6087|2807|
400727|4733|
400727|4733|
400727|4733|
400727|4733|
6660|421|
6550|208|
|1640|
|1640|
|1640|
|1640|
|1640|
|1640|
|1640|
|1640|
6161|4764|
6161|4764|
6161|4764|
6161|4764|
6161|4764|
6161|4764|
6161|4764|
6161|4764|
7955|5156|
7159|230|
7176|397|
|2422|
7159|230|
8409|5713|
647170|714|
159736|7314|
647170|714|
35525|5|
35525|5|
35525|5|
35525|5|
143606|11739|
183150|34398|
75329|997|
7955|5156|
7955|5156|
7955|5156|
7955|5156|
7955|5156|
7955|5156|
76587|233|
7955|5156|
85549|366|
85549|366|
85549|366|
1400849|4389|
1400849|4389|
85549|366|
1400849|4389|
35525|5|
35525|5|
158387|6038|
158387|6038|
158387|6038|
158387|6038|
158387|6038|
7955|5156|
7955|5156|
7955|5156|
7955|5156|
199954|31614|
86242|4753|
86242|4753|
86242|4753|
86242|4753|
86242|4753|
86242|4753|
86242|4753|
86242|4753|
86242|4753|
86242|4753|
86242|4753|
40811|5545|
40811|5545|
40811|5545|
40811|5545|
40811|5545|
40811|5545|
40811|5545|
40811|5545|
40811|5545|
40811|5545|
40811|5545|
40811|5545|
40811|5545|
40811|5545|
40811|5545|
40811|5545|
40811|5545|
40811|5545|
40811|5545|
40811|5545|
40811|5545|
40811|5545|
40811|5545|
40811|5545|
40811|5545|
40811|5545|
40811|5545|
40811|5545|
40811|5545|
40811|5545|
40811|5545|
40811|5545|
40811|5545|
40811|5545|
40811|5545|
40811|5545|
91582|2638|
91582|2638|
104777|1747|
104777|1747|
35525|5|
35525|5|
7955|5156|
7955|5156|
7955|5156|
7955|5156|
7955|5156|
33397|81|
33397|81|
8128|485|
|31668|
|20387|
|20387|
|20387|
|20387|
|20387|
104385|10592|
104385|10592|
104385|10592|
50959|494|
1232801|1780|
7955|5156|
644998|635|
644998|635|
644998|635|
644998|635|
7955|5156|
7955|5156|
56106|1341|
52641|372|
52641|372|
52641|372|
52641|372|
52641|372|
52641|372|
84645|202|
84645|202|
84645|202|
84645|202|
8128|485|
8128|485|
7955|5156|
7955|5156|
8345|28526|
8345|28526|
8345|28526|
8345|28526|
8345|28526|
8345|28526|
145282|28123|
145282|28123|
294128|52|
35525|5|
35525|5|
6161|4764|
6161|4764|
6161|4764|
6161|4764|
7962|21|
7955|5156|
7955|5156|
7955|5156|
7955|5156|
7955|5156|
7955|5156|
7955|5156|
7955|5156|
7955|5156|
7955|5156|
7955|5156|
7955|5156|
7955|5156|
7955|5156|
7955|5156|
7955|5156|
7955|5156|
7955|5156|
7955|5156|
7955|5156|
197464|39433|
197464|39433|
197464|39433|
317342|47499|
279982|47500|
197464|39433|
197464|39433|
197464|39433|
197464|39433|
197464|39433|
197464|39433|
197464|39433|
197464|39433|
197464|39433|
197464|39433|
197464|39433|
197464|39433|
197464|39433|
197464|39433|
197464|39433|
197464|39433|
197464|39433|
197464|39433|
197464|39433|
197464|39433|
197464|39433|
197464|39433|
197464|39433|
197464|39433|
197464|39433|
197464|39433|
197464|39433|
197464|39433|
197464|39433|
197464|39433|
197464|39433|
197464|39433|
197464|39433|
197464|39433|
197464|39433|
197464|39433|
197464|39433|
197464|39433|
197464|39433|
197464|39433|
197464|39433|
197464|39433|
197464|39433|
197464|39433|
197464|39433|
197464|39433|
197464|39433|
197464|39433|
197464|39433|
197464|39433|
197464|39433|
197464|39433|
30317|26656|
197464|39433|
197464|39433|
197464|39433|
197464|39433|
197464|39433|
197464|39433|
197464|39433|
197464|39433|
8355|206|
8355|206|
8355|206|
8355|206|
1400849|4389|
6660|421|
27405|20618|
294128|52|
294128|52|
158387|6038|
30732|20710|
143350|4755|
8078|57|
7957|25|
1972777|27319|
1972777|27319|
1972777|27319|
1972777|27319|
6604|349|
216498|5611|
7962|21|
7962|21|
515277|40974|
5911|4768|
5911|4768|
|17854|
|17854|
|17854|
218685|51910|
8364|27767|
8364|27767|
8364|27767|
8364|27767|
|17879|
|27853|
|27853|
92525|609|
|41454|
|27853|
|27853|
|27853|
|27853|
|27853|
|27853|
|27853|
1940826|40600|
1940826|40600|
1940826|40600|
|27853|
|27853|
|27853|
|27853|
415615|5911|
|27853|
415615|5911|
|27853|
|27853|
|27853|
|27853|
92525|609|
120202|240|
|41454|
|41454|
|27874|
|27853|
|27853|
|32516|
|32516|
|32516|
|27853|
6720|5528|
35525|5|
35525|5|
6720|5528|
52638|2258|
52638|2258|
35525|5|
35525|5|
35525|5|
35525|5|
6720|5528|
304456|418|
52904|1977|
52904|1977|
304456|418|
304456|418|
304456|418|
8128|485|
999361|34302|
999361|34302|
999361|34302|
999361|34302|
|1025|
|1025|
|1025|
|1025|
|1025|
8128|485|
8128|485|
8128|485|
|1025|
|1025|
304456|418|
|1025|
|1025|
42528|11805|
|1025|
7955|5156|
7955|5156|
7955|5156|
7955|5156|
7955|5156|
7955|5156|
7955|5156|
7955|5156|
7955|5156|
7955|5156|
7955|5156|
7955|5156|
7962|21|
7957|25|
7959|201|
39631|4546|
4472|507|
29706|1390|
29706|1390|
104777|1747|
50959|494|
50959|494|
29158|385|
38577|1194|
38577|1194|
38577|1194|
38577|1194|
1033716|44328|
1033716|44328|
8386|31606|
8386|31606|
7955|5156|
7955|5156|
7959|201|
90988|1|
1033716|44328|
8386|31606|
8355|206|
7955|5156|
|20387|
|20387|
|20387|
|20387|
|20387|
8356|1492|
52396|374|
52396|374|
52396|374|
52396|374|
6161|4764|
6161|4764|
6161|4764|
6161|4764|
7159|230|
7955|5156|
7955|5156|
7955|5156|
7955|5156|
7955|5156|
7955|5156|
38577|1194|
93621|352|
93621|352|
93621|352|
93621|352|
72446|572|
72446|572|
90988|1|
104777|1747|
30331|34527|
315606|17243|
159736|7314|
35525|5|
35525|5|
35525|5|
35525|5|
51549|353|
7955|5156|
7955|5156|
7955|5156|
7955|5156|
7955|5156|
7955|5156|
7955|5156|
7955|5156|
7955|5156|
7955|5156|
7955|5156|
7955|5156|
7957|25|
8022|4|
33397|81|
887478|48156|
570432|39149|
76587|233|
76587|233|
76587|233|
76587|233|
76587|233|
6161|4764|
6161|4764|
6161|4764|
76587|233|
76587|233|
6161|4764|
|1847|
55967|29537|
|1847|
7159|230|
7957|25|
1079993|31197|
30335|1146|
51331|31058|
129027|31029|
38577|1194|
38577|1194|
1079993|31197|
1079993|31197|
1079993|31197|
1079993|31197|
1079993|31197|
30335|1146|
1079993|31197|
1079993|31197|
1079993|31197|
1079993|31197|
38577|1194|
8355|206|
996475|31065|
996475|31065|
996475|31065|
236578|5984|
236578|5984|
6687|252|
6687|252|
6687|252|
6687|252|
92525|609|
92525|609|
92525|609|
77756|1258|
274642|5973|
274642|5973|
274642|5973|
274642|5973|
|29050|
|5899|
6660|421|
159741|1460|
224134|29493|
224134|29493|
6660|421|
|29050|
82204|18400|
82204|18400|
82204|18400|
82204|18400|
|5899|
6660|421|
52641|372|
294128|52|
35525|5|
52641|372|
52641|372|
35525|5|
294128|52|
35525|5|
35525|5|
35525|5|
6726|629|
6726|629|
6726|629|
6726|629|
117530|2371|
35525|5|
6726|629|
6726|629|
221654|302|
221654|302|
6726|629|
6726|629|
110441|142|
35525|5|
110441|142|
294128|52|
294128|52|
117530|2371|
35525|5|
52641|372|
304456|418|
30879|128|
303001|33531|
13013|2079|
13013|2079|
13013|2079|
13013|2079|
120844|5416|
120844|5416|
120844|5416|
120844|5416|
120844|5416|
120844|5416|
304456|418|
105023|48206|
105023|48206|
105023|48206|
105023|48206|
105023|48206|
105023|48206|
8128|485|
105023|48206|
303001|33531|
303001|33531|
8128|485|
63177|39196|
30879|128|
303001|33531|
303001|33531|
303001|33531|
303001|33531|
143606|11739|
8127|134|
304456|418|
8128|485|
37268|2195|
461509|31362|
105023|48206|
105023|48206|
105023|48206|
105023|48206|
105023|48206|
7955|5156|
7955|5156|
8090|109|
7955|5156|
7955|5156|
7955|5156|
7955|5156|
7955|5156|
7955|5156|
7955|5156|
7955|5156|
7955|5156|
8081|28|
7955|5156|
7962|21|
7962|21|
7959|201|
7959|201|
7959|201|
7959|201|
|1579|
1594321|30979|
1594321|30979|
1594321|30979|
280219|5778|
280219|5778|
280219|5778|
280219|5778|
|1847|
446450|30978|
7175|210|
|1847|
7175|210|
|1579|
279420|1252|
279420|1252|
279420|1252|
|1579|
|1579|
39274|17948|
39274|17948|
39274|17948|
39274|17948|
|1847|
7175|210|
7175|210|
7175|210|
204562|3015|
204562|3015|
204562|3015|
7175|210|
204562|3015|
197152|157|
1545171|20706|
1545171|20706|
1545171|20706|
1545171|20706|
|1847|
7175|210|
1594321|30979|
|1579|
446450|30978|
280158|30980|
280158|30980|
280158|30980|
280158|30980|
178295|676|
|1579|
197152|157|
197152|157|
|1847|
|1847|
197152|157|
|1847|
7175|210|
7175|210|
|1579|
7153|85|
|18447|
|18447|
|18447|
7160|1770|
7160|1770|
7160|1770|
7160|1770|
7160|1770|
7160|1770|
7160|1770|
7160|1770|
7160|1770|
7160|1770|
7160|1770|
7160|1770|
7160|1770|
7160|1770|
7160|1770|
7160|1770|
6087|2807|
6087|2807|
104385|4734|
55810|495|
120568|1671|
|5834|
6185|2837|
6185|2837|
6161|4764|
6161|4764|
6161|4764|
6161|4764|
213326|52971|
|26546|
|26546|
|26546|
64549|17733|
64549|17733|
64549|17733|
40811|5545|
8127|134|
7955|5156|
35525|5|
35525|5|
1239313|4665|
110441|142|
110441|142|
110441|142|
110441|142|
35525|5|
1239313|4665|
1239313|4665|
1239313|4665|
360686|16315|
360686|16315|
7176|397|
|1847|
7176|397|
7176|397|
7176|397|
7176|397|
7176|397|
7176|397|
7176|397|
7176|397|
7176|397|
55967|29537|
|1847|
7176|397|
7176|397|
7176|397|
|1847|
|1847|
7176|397|
7176|397|
7176|397|
7176|397|
7176|397|
7159|230|
7159|230|
7159|230|
7159|230|
7159|230|
7159|230|
7159|230|
7159|230|
7159|230|
7159|230|
7159|230|
7159|230|
7159|230|
7159|230|
7159|230|
7159|230|
7159|230|
7159|230|
7159|230|
7159|230|
7159|230|
7159|230|
7159|230|
7159|230|
7159|230|
7159|230|
7159|230|
7159|230|
7159|230|
7159|230|
7159|230|
7159|230|
7159|230|
7159|230|
7159|230|
7159|230|
7159|230|
7159|230|
7159|230|
7159|230|
7159|230|
7159|230|
7159|230|
7159|230|
7159|230|
7159|230|
7159|230|
7159|230|
7159|230|
7159|230|
7159|230|
7159|230|
7159|230|
7159|230|
7159|230|
7159|230|
7159|230|
7159|230|
7159|230|
7159|230|
7159|230|
7159|230|
7159|230|
7159|230|
7159|230|
7160|1770|
7955|5156|
35525|5|
35525|5|
35525|5|
7955|5156|
7955|5156|
6161|4764|
6161|4764|
6161|4764|
6161|4764|
7955|5156|
|1230|
197464|39433|
1109706|42856|
13013|2079|
13013|2079|
96903|811|
96903|811|
96903|811|
96903|811|
7957|25|
7175|210|
7175|210|
104777|1747|
91582|2638|
7160|1770|
35525|5|
7955|5156|
7955|5156|
7955|5156|
7955|5156|
90988|1|
7159|230|
7159|230|
7160|1770|
7160|1770|
7175|210|
7175|210|
7159|230|
7160|1770|
7955|5156|
7159|230|
7159|230|
7159|230|
35525|5|
55967|29537|
|1847|
7159|230|
8384|1091|
233781|32297|
30326|19881|
|212|
7955|5156|
7955|5156|
90988|1|
7175|210|
7175|210|
7159|230|
84645|202|
84645|202|
84645|202|
84645|202|
8364|27767|
8364|27767|
8364|27767|
8364|27767|
|44264|
6720|5528|
6720|5528|
6720|5528|
6720|5528|
7962|21|
587174|40921|
35525|5|
35525|5|
35525|5|
35525|5|
8128|485|
85549|366|
85549|366|
85549|366|
85549|366|
85549|366|
85549|366|
112782|33567|
6661|3004|
35525|5|
35525|5|
35525|5|
8127|134|
8090|109|
7955|5156|
8090|109|
8090|109|
8090|109|
8090|109|
8090|109|
8090|109|
8090|109|
8090|109|
|2422|
|2422|
7159|230|
7159|230|
10195|345|
10195|345|
10195|345|
10195|345|
10195|345|
10195|345|
10195|345|
10195|345|
10195|345|
10195|345|
10195|345|
10195|345|
294128|52|
117530|2371|
117530|2371|
117530|2371|
117530|2371|
587174|40921|
247138|4424|
247138|4424|
85549|366|
85549|366|
85549|366|
85549|366|
85549|366|
85549|366|
1302381|32092|
8403|4926|
|18950|
85549|366|
85549|366|
587174|40921|
85549|366|
85549|366|
85549|366|
85549|366|
35525|5|
35525|5|
35525|5|
35525|5|
35525|5|
35525|5|
35525|5|
35525|5|
35525|5|
35525|5|
35525|5|
35525|5|
35525|5|
35525|5|
35525|5|
35525|5|
35525|5|
35525|5|
35525|5|
35525|5|
35525|5|
35525|5|
35525|5|
35525|5|
35525|5|
35525|5|
35525|5|
35525|5|
35525|5|
35525|5|
35525|5|
35525|5|
35525|5|
35525|5|
35525|5|
35525|5|
35525|5|
35525|5|
35525|5|
35525|5|
35525|5|
35525|5|
35525|5|
35525|5|
35525|5|
35525|5|
35525|5|
35525|5|
35525|5|
35525|5|
35525|5|
35525|5|
35525|5|
35525|5|
35525|5|
35525|5|
35525|5|
35525|5|
35525|5|
35525|5|
8128|485|
1150979|34779|
1150979|34779|
1150979|34779|
1150979|34779|
1720309|2256|
10195|345|
10195|345|
10195|345|
10195|345|
10195|345|
10195|345|
10195|345|
10195|345|
10195|345|
10195|345|
10195|345|
10195|345|
10195|345|
10195|345|
10195|345|
10195|345|
10195|345|
10195|345|
10195|345|
10195|345|
10195|345|
10195|345|
10195|345|
10195|345|
10195|345|
10195|345|
10195|345|
10195|345|
10195|345|
10195|345|
10195|345|
10195|345|
10195|345|
10195|345|
10195|345|
112782|33567|
6661|3004|
85549|366|
587174|40921|
85549|366|
85549|366|
85549|366|
35525|5|
1150979|34779|
1150979|34779|
1150979|34779|
1150979|34779|
8128|485|
10195|345|
10195|345|
10195|345|
10195|345|
10195|345|
10195|345|
10195|345|
10195|345|
10195|345|
10195|345|
10195|345|
10195|345|
76587|233|
76587|233|
76587|233|
76587|233|
76587|233|
425018|500|
7955|5156|
1213214|16102|
38577|1194|
38577|1194|
38577|1194|
38577|1194|
38577|1194|
38577|1194|
38577|1194|
38577|1194|
38577|1194|
38577|1194|
38577|1194|
38577|1194|
38577|1194|
38577|1194|
38577|1194|
38577|1194|
38577|1194|
38577|1194|
38577|1194|
38577|1194|
38577|1194|
38577|1194|
38577|1194|
38577|1194|
38577|1194|
38577|1194|
38577|1194|
38577|1194|
38577|1194|
38577|1194|
38577|1194|
38577|1194|
38577|1194|
8355|206|
8355|206|
8355|206|
8355|206|
8355|206|
8355|206|
6687|252|
42846|170|
96875|1666|
42846|170|
425018|500|
1352461|34567|
1352461|34567|
1352461|34567|
1352461|34567|
6661|3004|
42846|170|
1352461|34567|
1352461|34567|
1352461|34567|
42846|170|
1352461|34567|
42846|170|
42846|170|
167952|32268|
42846|170|
42846|170|
42846|170|
42846|170|
42846|170|
1352461|34567|
42846|170|
42846|170|
42846|170|
42846|170|
1352461|34567|
42846|170|
42846|170|
1352461|34567|
42846|170|
1352461|34567|
42846|170|
|2851|
167952|32268|
42846|170|
136180|376|
136180|376|
136180|376|
136180|376|
136180|376|
136180|376|
136180|376|
136180|376|
136180|376|
136180|376|
136180|376|
136180|376|
136180|376|
136180|376|
|212|
136180|376|
136180|376|
136180|376|
136180|376|
136180|376|
6763|76|
136180|376|
136180|376|
136180|376|
136180|376|
136180|376|
6763|76|
136180|376|
136180|376|
136180|376|
136180|376|
136180|376|
136180|376|
136180|376|
136180|376|
136180|376|
136180|376|
136180|376|
136180|376|
48193|71|
1830164|30490|
1830164|30490|
1830164|30490|
1830164|30490|
1830164|30490|
1830164|30490|
1830164|30490|
48193|71|
1830164|30490|
1830164|30490|
202603|28792|
1830164|30490|
1830164|30490|
1830164|30490|
137520|25921|
137520|25921|
137520|25921|
|34524|
891940|34603|
|34526|
|34526|
|34525|
|34525|
|34524|
891940|34603|
|34525|
|34525|
|34526|
|34524|
|34522|
|34522|
891940|34603|
891940|34603|
|34522|
|34522|
|31668|
|20387|
304850|28076|
291982|4822|
291982|4822|
291982|4822|
291982|4822|
304850|28076|
42192|5872|
304850|28076|
291982|4822|
304850|28076|
291982|4822|
291982|4822|
291982|4822|
291982|4822|
291982|4822|
304850|28076|
304850|28076|
291982|4822|
291982|4822|
291982|4822|
291982|4822|
291982|4822|
291982|4822|
42192|5872|
42192|5872|
304850|28076|
304850|28076|
304850|28076|
304850|28076|
291982|4822|
304850|28076|
291982|4822|
291982|4822|
291982|4822|
291982|4822|
291982|4822|
291982|4822|
291982|4822|
304850|28076|
73031|586|
6239|4550|
6239|4550|
6239|4550|
6239|4550|
6239|4550|
6239|4550|
6239|4550|
6239|4550|
6239|4550|
6239|4550|
6239|4550|
6239|4550|
|27853|
|27853|
|27853|
|27853|
|27853|
|27853|
35528|2055|
|27853|
|27853|
|27853|
|27853|
|27853|
|27853|
|27853|
|27853|
|27853|
|27853|
|27853|
|27853|
|27853|
|27853|
294128|52|
55108|28981|
42528|11805|
7955|5156|
|19825|
|18447|
29158|385|
425018|500|
7955|5156|
7955|5156|
7955|5156|
7955|5156|
7955|5156|
7955|5156|
86242|4753|
86242|4753|
303055|2766|
|5899|
425018|500|
|5899|
|5899|
303055|2766|
303055|2766|
303055|2766|
79674|648|
|5899|
143606|11739|
8128|485|
143606|11739|
143606|11739|
143606|11739|
7955|5156|
7955|5156|
7955|5156|
7955|5156|
7959|201|
7959|201|
7959|201|
7959|201|
|34522|
|34522|
891940|34603|
891940|34603|
|34526|
|34526|
|34525|
|34525|
|34525|
|34524|
|34524|
|34526|
891940|34603|
891940|34603|
|34524|
|34525|
|34522|
|34522|
334427|395|
310899|34539|
310899|34539|
310899|34539|
310899|34539|
334427|395|
334427|395|
334427|395|
335439|39968|
335439|39968|
35525|5|
35525|5|
294128|52|
294128|52|
|18447|
|18447|
294128|52|
294128|52|
294128|52|
294128|52|
294128|52|
294128|52|
143297|26703|
143294|2799|
143297|26703|
143297|26703|
143297|26703|
143294|2799|
143294|2799|
143297|26703|
143294|2799|
143294|2799|
1789729|25168|
1789729|25168|
1789729|25168|
1789729|25168|
30335|1146|
|2454|
1830164|30490|
1830164|30490|
1830164|30490|
1830164|30490|
1830164|30490|
1830164|30490|
1830164|30490|
1830164|30490|
7955|5156|
7955|5156|
195543|1186|
|212|
143606|11739|
143606|11739|
143606|11739|
72446|572|
72446|572|
143606|11739|
72446|572|
72446|572|
7955|5156|
7955|5156|
7955|5156|
7955|5156|
7959|201|
7959|201|
7959|201|
7959|201|
7904|2517|
7904|2517|
|34525|
891940|34603|
891940|34603|
891940|34603|
891940|34603|
|34525|
|34525|
|34525|
|34524|
|34522|
|34522|
|34526|
|34522|
|34522|
|34526|
|34526|
|34524|
|34524|
12924|11759|
304850|28076|
291982|4822|
291982|4822|
291982|4822|
291982|4822|
304850|28076|
291982|4822|
291982|4822|
291982|4822|
291982|4822|
304850|28076|
304850|28076|
304850|28076|
304850|28076|
304850|28076|
304850|28076|
304850|28076|
304850|28076|
310899|34539|
310899|34539|
310899|34539|
310899|34539|
334427|395|
334427|395|
334427|395|
334427|395|
304850|28076|
304850|28076|
291982|4822|
291982|4822|
291982|4822|
291982|4822|
8403|4926|
145282|1920|
8403|4926|
30342|1092|
|27853|
|27853|
|2174|
|2174|
|27853|
|27853|
|27853|
|27853|
|27853|
|27853|
|27853|
|27853|
|27853|
|2174|
|2174|
|27853|
|27853|
|27853|
|27853|
|27853|
|27853|
|27853|
|2174|
|27853|
|27853|
|2174|
6669|8|
117530|2371|
294128|52|
117530|2371|
117530|2371|
117530|2371|
117530|2371|
117530|2371|
117530|2371|
117530|2371|
6669|8|
6669|8|
6669|8|
117530|2371|
117530|2371|
117530|2371|
294128|52|
294128|52|
117530|2371|
294128|52|
294128|52|
117530|2371|
35525|5|
117530|2371|
117530|2371|
117530|2371|
117530|2371|
117530|2371|
6669|8|
6669|8|
6669|8|
6669|8|
6669|8|
6669|8|
117530|2371|
117530|2371|
6669|8|
219752|16126|
13013|2079|
13013|2079|
90988|1|
90988|1|
90988|1|
90988|1|
90988|1|
8022|4|
39631|4546|
4472|507|
603693|614|
603693|614|
603693|614|
603693|614|
603693|614|
603693|614|
603693|614|
603693|614|
603693|614|
603693|614|
603693|614|
603693|614|
603693|614|
603693|614|
603693|614|
603693|614|
603693|614|
|18447|
104777|1747|
192225|637|
264248|17715|
127839|20322|
127839|20322|
264248|17715|
61662|640|
6386|532|
6386|532|
6386|532|
6660|421|
6660|421|
6660|421|
61970|20711|
7955|5156|
7955|5156|
7955|5156|
7955|5156|
30335|1146|
30335|1146|
30335|1146|
30335|1146|
27411|5893|
27411|5893|
27411|5893|
27411|5893|
|34623|
|34623|
|34623|
|34623|
55729|2441|
55729|2441|
55729|2441|
55729|2441|
74736|34625|
74736|34625|
74736|34625|
74736|34625|
38577|1194|
38577|1194|
38577|1194|
38577|1194|
38577|1194|
38577|1194|
38577|1194|
38577|1194|
38577|1194|
38577|1194|
38577|1194|
38577|1194|
38577|1194|
38577|1194|
38577|1194|
38577|1194|
38577|1194|
38577|1194|
38577|1194|
38577|1194|
38577|1194|
38577|1194|
425018|500|
35525|5|
294128|52|
117530|2371|
294128|52|
1830164|30490|
1830164|30490|
1830164|30490|
1830164|30490|
1830164|30490|
1830164|30490|
1830164|30490|
1830164|30490|
|18447|
|18447|
12924|11759|
304850|28076|
304850|28076|
304850|28076|
304850|28076|
304850|28076|
304850|28076|
304850|28076|
304850|28076|
304850|28076|
304850|28076|
304850|28076|
304850|28076|
425018|500|
6706|346|
6706|346|
198241|1911|
79901|10806|
587144|347|
30325|31156|
30335|1146|
30335|1146|
30335|1146|
30335|1146|
8355|206|
8355|206|
8355|206|
8355|206|
8355|206|
|5899|
27411|5893|
27411|5893|
27411|5893|
27411|5893|
|27874|
|5899|
425018|500|
82204|18400|
82204|18400|
82204|18400|
638975|27994|
82204|18400|
141395|2309|
425018|500|
141395|2309|
6687|252|
|32516|
|32516|
|32516|
77707|2310|
1400849|4389|
158387|6038|
1830164|30490|
1830164|30490|
1830164|30490|
48193|71|
340988|1696|
1830164|30490|
89337|1934|
335690|32409|
453924|32408|
37268|2195|
1830164|30490|
|271|
42626|17784|
1830164|30490|
1830164|30490|
89337|1934|
67554|5363|
335690|32409|
48193|71|
89337|1934|
1830164|30490|
1830164|30490|
1830164|30490|
335690|32409|
1830164|30490|
453924|32408|
1830164|30490|
7955|5156|
7955|5156|
7955|5156|
7955|5156|
8032|49|
8032|49|
8032|49|
453929|11783|
453929|11783|
143748|680|
|34623|
|34623|
|34623|
|34623|
158438|619|
603581|16092|
248215|5335|
243065|23620|
50634|674|
55729|2441|
55729|2441|
|18258|
55729|2441|
50959|494|
55729|2441|
73031|586|
74736|34625|
74736|34625|
74736|34625|
74736|34625|
8128|485|
8128|485|
7998|20|
7998|20|
82204|18400|
82204|18400|
82204|18400|
82204|18400|
7955|5156|
145282|1920|
8384|1091|
233781|32297|
61616|19882|
30335|1146|
8403|4926|
30326|19881|
8403|4926|
30342|1092|
8403|4926|
30326|19881|
30342|1092|
30342|1092|
61616|19882|
30335|1146|
61614|39089|
30331|34527|
30331|34527|
30331|34527|
30331|34527|
30335|1146|
30335|1146|
30335|1146|
30326|19881|
8403|4926|
8384|1091|
61614|39089|
30342|1092|
8384|1091|
8355|206|
|18950|
|18950|
|18950|
27411|5893|
303055|2766|
303055|2766|
27411|5893|
764486|18590|
355520|31317|
355520|31317|
764486|18590|
764486|18590|
|5899|
764486|18590|
77707|2310|
|34553|
141395|2309|
141395|2309|
|1009|
638975|27994|
764486|18590|
565004|27410|
355520|31317|
355520|31317|
82204|18400|
27411|5893|
27411|5893|
27411|5893|
303055|2766|
1400849|4389|
167952|32268|
|18313|
764486|18590|
764486|18590|
|5899|
82204|18400|
82204|18400|
82204|18400|
82204|18400|
|29010|
303055|2766|
158387|6038|
117530|2371|
158387|6038|
158387|6038|
52638|2258|
294128|52|
117530|2371|
294128|52|
294128|52|
294128|52|
158387|6038|
|212|
294128|52|
|212|
158387|6038|
158387|6038|
93621|352|
93621|352|
93621|352|
8128|485|
8128|485|
8128|485|
451694|34624|
42626|17784|
245074|2513|
8128|485|
72446|572|
8128|485|
8128|485|
13013|2079|
143606|11739|
38762|4598|
59899|113|
61968|27776|
59899|113|
38762|4598|
38762|4598|
143606|11739|
143606|11739|
143606|11739|
30751|5593|
59899|113|
59899|113|
93621|352|
8128|485|
8128|485|
72446|572|
72446|572|
72446|572|
30732|20710|
|1025|
13013|2079|
8128|485|
38762|4598|
8128|485|
30751|5593|
8128|485|
30751|5593|
30751|5593|
8128|485|
7955|5156|
7955|5156|
7955|5156|
90988|1|
7955|5156|
7955|5156|
7955|5156|
7955|5156|
7955|5156|
7955|5156|
7955|5156|
8081|28|
7955|5156|
7955|5156|
7955|5156|
7955|5156|
7955|5156|
7955|5156|
8032|49|
8032|49|
7962|21|
7962|21|
7962|21|
7962|21|
7962|21|
7962|21|
7962|21|
7962|21|
7962|21|
7962|21|
7962|21|
7962|21|
7962|21|
7962|21|
7962|21|
8022|4|
8022|4|
8022|4|
8022|4|
8022|4|
8022|4|
8022|4|
8022|4|
8022|4|
8022|4|
8022|4|
8022|4|
8022|4|
8022|4|
8022|4|
42526|20159|
7959|201|
7959|201|
7959|201|
7959|201|
7959|201|
7959|201|
7904|2517|
7904|2517|
7904|2517|
7904|2517|
7904|2517|
7904|2517|
7904|2517|
7904|2517|
7904|2517|
7904|2517|
7904|2517|
7904|2517|
7904|2517|
7904|2517|
7904|2517|
7904|2517|
7904|2517|
7904|2517|
7904|2517|
7904|2517|
7904|2517|
7904|2517|
7904|2517|
7904|2517|
7904|2517|
7904|2517|
|34623|
|34623|
|18209|
|34623|
|18209|
|34623|
|18209|
|34623|
|18209|
5890|2386|
5935|5344|
5935|5344|
55976|29013|
10195|345|
10195|345|
10195|345|
10195|345|
10195|345|
10195|345|
10195|345|
10195|345|
10195|345|
10195|345|
10195|345|
10195|345|
10195|345|
10195|345|
10195|345|
10195|345|
10195|345|
10195|345|
10195|345|
10195|345|
10195|345|
10195|345|
10195|345|
10195|345|
|28033|
55729|2441|
|40397|
|18258|
|18258|
|18258|
|40397|
|40397|
|40397|
|40397|
334427|395|
334427|395|
334427|395|
|28033|
334427|395|
310899|34539|
310899|34539|
310899|34539|
|40397|
50959|494|
|18258|
|28033|
310899|34539|
|18258|
|18258|
|18258|
|18258|
|18258|
|40397|
55729|2441|
|18258|
|18258|
55729|2441|
55729|2441|
55729|2441|
427924|31675|
427924|31675|
74736|34625|
74736|34625|
76587|233|
74736|34625|
76587|233|
216498|5611|
76587|233|
335439|39968|
335439|39968|
74736|34625|
74736|34625|
926033|58|
926033|58|
926033|58|
926033|58|
926033|58|
604281|224|
604281|224|
926033|58|
926033|58|
926033|58|
35525|5|
8127|134|
8090|109|
7955|5156|
7955|5156|
117530|2371|
|5899|
|27853|
|27853|
|5899|
|27853|
|27853|
|27853|
355520|31317|
355520|31317|
|27853|
|27853|
|27853|
|27853|
|27853|
|27853|
425018|500|
|27853|
|27853|
|27853|
|27853|
|27853|
|27853|
|27853|
|27853|
|27853|
355520|31317|
355520|31317|
35525|5|
35525|5|
35525|5|
35525|5|
35525|5|
8081|28|
37268|2195|
7955|5156|
29158|385|
1213214|16102|
93621|352|
93621|352|
93621|352|
93621|352|
50959|494|
565004|27410|
294128|52|
294128|52|
294128|52|
294128|52|
|18447|
|18447|
7160|1770|
7160|1770|
30335|1146|
30335|1146|
30335|1146|
30335|1146|
30335|1146|
8355|206|
27411|5893|
27411|5893|
27411|5893|
27411|5893|
82204|18400|
27411|5893|
451694|34624|
8081|28|
|34623|
|34623|
|34623|
|34623|
|34623|
55729|2441|
55729|2441|
55729|2441|
55729|2441|
55729|2441|
74736|34625|
74736|34625|
74736|34625|
74736|34625|
74736|34625|
45438|2353|
45438|2353|
45438|2353|
45438|2353|
425018|500|
30335|1146|
30335|1146|
30335|1146|
30335|1146|
27411|5893|
27411|5893|
27411|5893|
27411|5893|
294128|52|
294128|52|
294128|52|
294128|52|
7955|5156|
7955|5156|
7955|5156|
7955|5156|
7955|5156|
7955|5156|
7955|5156|
|34623|
|34623|
|34623|
|34623|
55729|2441|
55729|2441|
55729|2441|
55729|2441|
74736|34625|
74736|34625|
74736|34625|
74736|34625|
7955|5156|
35525|5|
35525|5|
35525|5|
35525|5|
35525|5|
35525|5|
|2422|
7176|397|
7159|230|
56106|1341|
197464|39433|
72446|572|
72446|572|
7957|25|
515277|40974|
7160|1770|
117530|2371|
159736|7314|
159736|7314|
159736|7314|
159736|7314|
7955|5156|
50959|494|
30335|1146|
30335|1146|
30335|1146|
30335|1146|
30335|1146|
27411|5893|
82204|18400|
27411|5893|
27411|5893|
27411|5893|
27411|5893|
117530|2371|
117530|2371|
8127|134|
451694|34624|
8081|28|
|34623|
|34623|
|34623|
|34623|
|34623|
55729|2441|
55729|2441|
55729|2441|
55729|2441|
55729|2441|
74736|34625|
74736|34625|
74736|34625|
74736|34625|
74736|34625|
7955|5156|
7955|5156|
7955|5156|
7955|5156|
45438|2353|
45438|2353|
45438|2353|
45438|2353|
30335|1146|
30335|1146|
30335|1146|
30335|1146|
8355|206|
425018|500|
6687|252|
27411|5893|
27411|5893|
27411|5893|
27411|5893|
48193|71|
48193|71|
7955|5156|
7955|5156|
|34623|
|34623|
|34623|
|34623|
55729|2441|
55729|2441|
55729|2441|
334427|395|
334427|395|
310899|34539|
310899|34539|
334427|395|
334427|395|
310899|34539|
310899|34539|
55729|2441|
73031|586|
74736|34625|
74736|34625|
74736|34625|
74736|34625|
63228|20708|
294128|52|
294128|52|
294128|52|
117530|2371|
117530|2371|
294128|52|
294128|52|
294128|52|
117530|2371|
294128|52|
294128|52|
117530|2371|
294128|52|
294128|52|
310915|31626|
90988|1|
90988|1|
90988|1|
90988|1|
90988|1|
90988|1|
90988|1|
90988|1|
8022|4|
8022|4|
8022|4|
8022|4|
|18447|
|18447|
120472|2854|
84645|202|
7955|5156|
38577|1194|
38577|1194|
38577|1194|
38577|1194|
38577|1194|
30335|1146|
30335|1146|
30335|1146|
30335|1146|
38577|1194|
38577|1194|
38577|1194|
38577|1194|
38577|1194|
38577|1194|
30335|1146|
38577|1194|
141395|2309|
|27853|
|27853|
77707|2310|
|27853|
6687|252|
27411|5893|
|27853|
|27853|
27411|5893|
|27853|
82204|18400|
|27853|
|27853|
27411|5893|
27411|5893|
27411|5893|
425018|500|
|27853|
|27853|
82204|18400|
|27853|
82204|18400|
82204|18400|
82204|18400|
|27853|
|27853|
565004|27410|
|27853|
141395|2309|
|27853|
|27853|
|27853|
|27853|
|27853|
|27853|
52638|2258|
35525|5|
52638|2258|
52641|372|
52641|372|
52638|2258|
52641|372|
52641|372|
52638|2258|
105023|48206|
38762|4598|
105023|48206|
105023|48206|
105023|48206|
48193|71|
38762|4598|
451694|34624|
48193|71|
105023|48206|
105023|48206|
105023|48206|
105023|48206|
105023|48206|
105023|48206|
38762|4598|
72446|572|
72446|572|
72446|572|
72446|572|
38762|4598|
105023|48206|
105023|48206|
7955|5156|
7955|5156|
7955|5156|
7955|5156|
7955|5156|
8090|109|
8081|28|
90988|1|
90988|1|
7955|5156|
7955|5156|
90988|1|
90988|1|
7955|5156|
7955|5156|
7962|21|
7962|21|
7904|2517|
7904|2517|
7904|2517|
|34525|
|34525|
|34623|
|34525|
|34623|
|34623|
|34623|
|34525|
891940|34603|
891940|34603|
891940|34603|
891940|34603|
|34522|
|34522|
|34522|
|34522|
|34524|
|34623|
|34524|
|34524|
|34526|
|34526|
|34526|
6087|2807|
304850|28076|
334427|395|
55729|2441|
304850|28076|
304850|28076|
104385|4734|
304850|28076|
304850|28076|
304850|28076|
304850|28076|
304850|28076|
304850|28076|
55729|2441|
304850|28076|
304850|28076|
55729|2441|
334427|395|
334427|395|
55729|2441|
334427|395|
55729|2441|
310899|34539|
310899|34539|
310899|34539|
304850|28076|
310899|34539|
73031|586|
74736|34625|
74736|34625|
74736|34625|
74736|34625|
74736|34625|
167952|32268|
76587|233|
76587|233|
76587|233|
7955|5156|
7955|5156|
7955|5156|
35525|5|
35525|5|
6550|208|
8355|206|
167952|32268|
143606|11739|
143606|11739|
143606|11739|
143606|11739|
7955|5156|
7955|5156|
7955|5156|
7955|5156|
7955|5156|
7955|5156|
7955|5156|
7955|5156|
7955|5156|
7955|5156|
7955|5156|
7955|5156|
7959|201|
7959|201|
7959|201|
7959|201|
983579|34842|
983579|34842|
983579|34842|
983579|34842|
983579|34842|
983579|34842|
1213214|16102|
746529|28850|
92525|609|
|48373|
92525|609|
152158|1357|
35525|5|
35525|5|
35525|5|
52641|372|
52641|372|
52641|372|
52641|372|
52641|372|
52641|372|
35525|5|
35525|5|
52638|2258|
35525|5|
35525|5|
35525|5|
35525|5|
35525|5|
6669|8|
35525|5|
52641|372|
52641|372|
52641|372|
35525|5|
35525|5|
35525|5|
52641|372|
52641|372|
52641|372|
52641|372|
35525|5|
35525|5|
35525|5|
35525|5|
52641|372|
268476|7370|
13013|2079|
13013|2079|
13013|2079|
272067|28845|
268477|28846|
13013|2079|
510768|28849|
7955|5156|
7955|5156|
7955|5156|
42526|20159|
|28852|
1161193|28851|
136726|1843|
55690|6020|
527797|28853|
55690|6020|
120568|1671|
|1230|
7955|5156|
7955|5156|
7955|5156|
7957|25|
56106|1341|
6660|421|
7955|5156|
90988|1|
7955|5156|
90988|1|
8355|206|
8355|206|
8355|206|
8355|206|
8022|4|
8022|4|
8022|4|
8022|4|
6161|4764|
6161|4764|
6161|4764|
6161|4764|
197464|39433|
84645|202|
64144|351|
84645|202|
84645|202|
84645|202|
197464|39433|
77756|1258|
512342|32074|
63177|39196|
6161|4764|
6161|4764|
6161|4764|
6161|4764|
294128|52|
294128|52|
294128|52|
294128|52|
294128|52|
294128|52|
294128|52|
294128|52|
294128|52|
294128|52|
294128|52|
294128|52|
294128|52|
294128|52|
294128|52|
294128|52|
294128|52|
294128|52|
294128|52|
294128|52|
6660|421|
1400849|4389|
158387|6038|
1232801|1780|
30732|20710|
55976|29013|
12922|16496|
216498|5611|
85549|366|
85549|366|
35525|5|
35525|5|
35525|5|
35525|5|
35525|5|
8090|109|
7955|5156|
7955|5156|
7955|5156|
7955|5156|
7955|5156|
8090|109|
7159|230|
527158|2685|
527158|2685|
527158|2685|
527158|2685|
527158|2685|
527158|2685|
527158|2685|
527158|2685|
6161|4764|
6161|4764|
6161|4764|
6161|4764|
72446|572|
72446|572|
143606|11739|
7955|5156|
7955|5156|
7955|5156|
7955|5156|
7955|5156|
117530|2371|
117530|2371|
45438|2353|
45438|2353|
45438|2353|
45438|2353|
7955|5156|
7955|5156|
7955|5156|
7955|5156|
7955|5156|
7955|5156|
7955|5156|
7955|5156|
7955|5156|
7955|5156|
7957|25|
7955|5156|
7955|5156|
7955|5156|
7955|5156|
7955|5156|
7955|5156|
7955|5156|
7955|5156|
7955|5156|
7955|5156|
7955|5156|
7955|5156|
6161|4764|
6161|4764|
6161|4764|
6161|4764|
236578|5984|
236578|5984|
35525|5|
|4676|
7962|21|
8355|206|
8355|206|
8355|206|
8355|206|
8355|206|
98820|38496|
|34562|
6161|4764|
6161|4764|
6161|4764|
6161|4764|
683832|422|
90988|1|
6161|4764|
6161|4764|
6161|4764|
6161|4764|
35525|5|
35525|5|
315576|964|
120202|240|
52904|1977|
52904|1977|
7955|5156|
7955|5156|
7955|5156|
7955|5156|
7955|5156|
143527|42146|
68449|19096|
30335|1146|
30335|1146|
143527|42146|
30335|1146|
143527|42146|
68449|19096|
68449|19096|
143527|42146|
68449|19096|
30335|1146|
30335|1146|
143527|42146|
7175|210|
7175|210|
7175|210|
7175|210|
7175|210|
7175|210|
7160|1770|
7160|1770|
7160|1770|
7160|1770|
7160|1770|
7160|1770|
7160|1770|
7160|1770|
7160|1770|
7160|1770|
7160|1770|
7160|1770|
7160|1770|
7160|1770|
7160|1770|
7160|1770|
30331|34527|
30331|34527|
30331|34527|
30331|34527|
61970|20711|
7955|5156|
7160|1770|
55967|29537|
|1847|
|1847|
7159|230|
7160|1770|
52638|2258|
13013|2079|
13013|2079|
13013|2079|
13013|2079|
52638|2258|
318334|52888|
218685|51910|
6720|5528|
6720|5528|
6720|5528|
6720|5528|
647170|714|
647170|714|
6660|421|
6660|421|
6660|421|
8364|27767|
8364|27767|
8364|27767|
8364|27767|
7955|5156|
7955|5156|
52960|497|
3077|479|
42846|170|
5885|1165|
104777|1747|
6161|4764|
6161|4764|
6161|4764|
6161|4764|
7165|2919|
7165|2919|
7165|2919|
7165|2919|
7165|2919|
7159|230|
7165|2919|
7159|230|
7165|2919|
7159|230|
7165|2919|
7165|2919|
7165|2919|
7165|2919|
8364|27767|
8364|27767|
8364|27767|
8364|27767|
120202|240|
224134|29493|
120202|240|
224134|29493|
30879|128|
30879|128|
7955|5156|
7955|5156|
7955|5156|
7955|5156|
7955|5156|
7955|5156|
7955|5156|
7955|5156|
84645|202|
84645|202|
84645|202|
84645|202|
7955|5156|
7160|1770|
7160|1770|
7160|1770|
7160|1770|
7160|1770|
7160|1770|
7160|1770|
7160|1770|
7160|1770|
7160|1770|
7160|1770|
7160|1770|
7160|1770|
7160|1770|
7160|1770|
926033|58|
926033|58|
926033|58|
926033|58|
926033|58|
926033|58|
926033|58|
926033|58|
112780|19979|
112780|19979|
112780|19979|
30331|34527|
159736|7314|
217509|64|
51549|353|
7955|5156|
33397|81|
570432|39149|
76587|233|
52960|497|
3077|479|
42846|170|
35525|5|
|4676|
7955|5156|
5885|1165|
104777|1747|
221654|302|
221654|302|
221654|302|
221654|302|
221654|302|
221654|302|
221654|302|
110441|142|
221654|302|
221654|302|
110441|142|
35525|5|
7955|5156|
7955|5156|
7955|5156|
112780|19979|
112780|19979|
112780|19979|
8022|4|
294128|52|
8022|4|
1400849|4389|
6660|421|
158387|6038|
158387|6038|
158387|6038|
158387|6038|
158387|6038|
1232801|1780|
30732|20710|
29159|575|
29159|575|
216498|5611|
8364|27767|
8364|27767|
8364|27767|
8364|27767|
8128|485|
|1579|
7159|230|
29158|385|
1232801|31962|
|31668|
6161|4764|
6161|4764|
6161|4764|
6161|4764|
7159|230|
236578|5984|
236578|5984|
35525|5|
8081|28|
8081|28|
8081|28|
8081|28|
7175|210|
7175|210|
|1847|
55967|29537|
7159|230|
7955|5156|
7955|5156|
7955|5156|
6763|76|
6763|76|
6763|76|
6763|76|
6763|76|
6763|76|
6763|76|
6763|76|
6689|11779|
6689|11779|
6689|11779|
6689|11779|
6689|11779|
6689|11779|
6689|11779|
6689|11779|
6689|11779|
6689|11779|
6689|11779|
6689|11779|
6689|11779|
6689|11779|
6689|11779|
6689|11779|
6689|11779|
6689|11779|
6689|11779|
6689|11779|
6689|11779|
6689|11779|
6689|11779|
6689|11779|
|29002|
|29002|
|29002|
|29002|
112780|19979|
112780|19979|
112780|19979|
|1847|
|1847|
7159|230|
7957|25|
35525|5|
35525|5|
7159|230|
7159|230|
7159|230|
6161|4764|
6161|4764|
6161|4764|
6161|4764|
7955|5156|
50959|494|
318334|52888|
218685|51910|
|2918|
|2918|
|2918|
|2918|
|2918|
120202|240|
35525|5|
35525|5|
7955|5156|
7955|5156|
7955|5156|
7955|5156|
6161|4764|
6161|4764|
6161|4764|
6161|4764|
7955|5156|
7955|5156|
7955|5156|
8081|28|
8081|28|
8081|28|
8081|28|
8081|28|
8081|28|
7159|230|
7159|230|
7159|230|
7159|230|
7159|230|
7159|230|
7159|230|
7159|230|
7159|230|
7955|5156|
6706|346|
79901|10806|
79901|10806|
6706|346|
|4676|
|4676|
587144|347|
587144|347|
7955|5156|
7955|5156|
7955|5156|
7955|5156|
35525|5|
7159|230|
7955|5156|
7955|5156|
7955|5156|
7955|5156|
58176|10420|
8407|904|
146672|753|
218685|51910|
58176|10420|
51331|31058|
1302381|32092|
1302381|32092|
1302381|32092|
1302381|32092|
38577|1194|
30325|31156|
30325|31156|
145282|1920|
30325|31156|
30325|31156|
51331|31058|
192200|32417|
30325|31156|
30325|31156|
145282|1920|
160497|17968|
58519|30614|
160497|17968|
8407|904|
160497|17968|
30325|31156|
58519|30614|
8384|1091|
1033716|44328|
30338|29868|
30338|29868|
30338|29868|
38577|1194|
192200|32417|
1302381|32092|
1302381|32092|
1302381|32092|
1302381|32092|
30342|1092|
1302381|32092|
8407|904|
38577|1194|
43111|7392|
43111|7392|
8407|904|
38577|1194|
38577|1194|
38577|1194|
38577|1194|
30342|1092|
58519|30614|
8351|28843|
58519|30614|
30338|29868|
30338|29868|
30338|29868|
51331|31058|
59636|2368|
59636|2368|
47562|3052|
47562|3052|
51331|31058|
47562|3052|
8406|9943|
8406|9943|
8384|1091|
8384|1091|
146672|753|
30325|31156|
8406|9943|
8406|9943|
30325|31156|
8351|28843|
58176|10420|
45438|2353|
45438|2353|
8404|358|
45438|2353|
8404|358|
45438|2353|
45438|2353|
45438|2353|
8355|206|
8355|206|
8355|206|
8355|206|
8355|206|
8355|206|
8355|206|
8355|206|
8355|206|
8400|812|
8355|206|
8355|206|
8400|812|
8355|206|
8386|31606|
355520|31317|
446220|4783|
6661|3004|
446220|4783|
|2714|
446220|4783|
|28937|
|39949|
|39949|
|39949|
85549|366|
159736|7314|
159736|7314|
85549|366|
446220|4783|
35525|5|
52638|2258|
117530|2371|
117530|2371|
117530|2371|
117530|2371|
6763|76|
6669|8|
6763|76|
117530|2371|
35525|5|
6763|76|
6763|76|
35525|5|
95602|4668|
95602|4668|
30751|5593|
8127|134|
13013|2079|
13013|2079|
208336|32274|
13013|2079|
30751|5593|
30751|5593|
30751|5593|
30751|5593|
55108|28981|
30751|5593|
30751|5593|
30751|5593|
30751|5593|
61968|27776|
61968|27776|
61968|27776|
61968|27776|
61968|27776|
61968|27776|
8128|485|
8128|485|
8128|485|
8128|485|
7903|889|
7903|889|
7903|889|
7903|889|
7903|889|
7903|889|
30751|5593|
30751|5593|
30751|5593|
61971|1185|
61971|1185|
61971|1185|
61971|1185|
61971|1185|
61971|1185|
30751|5593|
|481|
|481|
|481|
42528|11805|
|481|
30751|5593|
30751|5593|
30751|5593|
|9848|
13013|2079|
90988|1|
8081|28|
8081|28|
8081|28|
8081|28|
8081|28|
8081|28|
8081|28|
7955|5156|
7955|5156|
7955|5156|
7955|5156|
7955|5156|
90988|1|
8090|109|
13489|365|
7955|5156|
7955|5156|
7955|5156|
7955|5156|
7955|5156|
8081|28|
7962|21|
7962|21|
7962|21|
7962|21|
7962|21|
|44107|
|19825|
328950|41792|
1213213|51775|
240814|20418|
55810|495|
50959|494|
50959|494|
50959|494|
6162|18595|
280689|16378|
85549|366|
35525|5|
37268|2195|
146672|753|
30317|26656|
145282|1920|
30343|478|
30343|478|
192200|32417|
146672|753|
233779|28720|
145282|1920|
30343|478|
192200|32417|
145282|1920|
145282|1920|
30342|1092|
30317|26656|
145282|1920|
233779|28720|
30342|1092|
45438|2353|
45438|2353|
8389|765|
45438|2353|
8389|765|
45438|2353|
8389|765|
8404|358|
8404|358|
8389|765|
8404|358|
8389|765|
8389|765|
45438|2353|
45438|2353|
45438|2353|
45438|2353|
8404|358|
45438|2353|
45438|2353|
8404|358|
8400|812|
8400|812|
8400|812|
8400|812|
8400|812|
355520|31317|
35525|5|
117530|2371|
35525|5|
42528|11805|
441951|18864|
6087|2807|
145282|28123|
294128|52|
35525|5|
304456|418|
304456|418|
8128|485|
304456|418|
304456|418|
50959|494|
7159|230|
109965|30056|
109965|30056|
109965|30056|
109965|30056|
224134|29493|
224134|29493|
35525|5|
35525|5|
304456|418|
304456|418|
30879|128|
30879|128|
304456|418|
304456|418|
163131|2044|
304456|418|
84645|202|
84645|202|
7953|425|
7953|425|
7953|425|
7953|425|
304456|418|
84645|202|
84645|202|
30879|128|
163131|2044|
7953|425|
7953|425|
7953|425|
7953|425|
7962|21|
7160|1770|
7160|1770|
7160|1770|
7160|1770|
7160|1770|
7160|1770|
7160|1770|
7160|1770|
7160|1770|
7160|1770|
7160|1770|
7160|1770|
7160|1770|
7160|1770|
7160|1770|
7160|1770|
50959|494|
55810|495|
6185|2837|
6185|2837|
35525|5|
6161|4764|
6161|4764|
6161|4764|
6161|4764|
|1025|
|1025|
|1025|
|1025|
|1025|
|1025|
|1025|
|1025|
35525|5|
104777|1747|
90988|1|
6161|4764|
6161|4764|
6161|4764|
6161|4764|
35525|5|
72446|572|
72446|572|
6720|5528|
6720|5528|
6720|5528|
117530|2371|
6720|5528|
90988|1|
35525|5|
35525|5|
304456|418|
304456|418|
304456|418|
304456|418|
93621|352|
93621|352|
93621|352|
72446|572|
93621|352|
72446|572|
84645|202|
84645|202|
84645|202|
84645|202|
72446|572|
304456|418|
59899|113|
59899|113|
304456|418|
304456|418|
304456|418|
59899|113|
84645|202|
59899|113|
59899|113|
59899|113|
93621|352|
93621|352|
59899|113|
93621|352|
37268|2195|
93621|352|
59899|113|
7955|5156|
7955|5156|
7955|5156|
7955|5156|
|1230|
|1230|
7159|230|
7159|230|
7159|230|
218685|51910|
38577|1194|
38577|1194|
|5899|
|39587|
|5899|
224134|29493|
|5899|
|5899|
91582|2638|
|39587|
|5899|
|2714|
224134|29493|
221654|302|
221654|302|
110441|142|
110441|142|
35525|5|
221654|302|
221654|302|
35525|5|
683832|422|
103210|34076|
72446|572|
30879|128|
313441|1632|
313441|1632|
30879|128|
313441|1632|
313441|1632|
683832|422|
683832|422|
30879|128|
313441|1632|
313441|1632|
313441|1632|
313441|1632|
683832|422|
683832|422|
683832|422|
683832|422|
683832|422|
683832|422|
683832|422|
683832|422|
7955|5156|
7955|5156|
7962|21|
|1847|
|1847|
|1847|
515277|40974|
|1847|
7159|230|
7159|230|
7159|230|
7160|1770|
7160|1770|
7160|1770|
7160|1770|
7160|1770|
7160|1770|
7160|1770|
7160|1770|
7160|1770|
7160|1770|
7160|1770|
7160|1770|
7160|1770|
7160|1770|
7160|1770|
7160|1770|
1213213|51775|
6087|2807|
6087|2807|
104777|1747|
104777|1747|
644998|635|
644998|635|
|26806|
644998|635|
|26806|
644998|635|
|26806|
294128|52|
221654|302|
221654|302|
221654|302|
221654|302|
110441|142|
110441|142|
294128|52|
7955|5156|
7955|5156|
7955|5156|
7955|5156|
7955|5156|
7955|5156|
7176|397|
7176|397|
|1847|
|1579|
|1579|
|1847|
7176|397|
|1579|
7176|397|
7176|397|
|1847|
|1847|
|1847|
|1579|
|1847|
7176|397|
7176|397|
|1847|
|1847|
7176|397|
|1579|
|1847|
|1847|
|1847|
7176|397|
7176|397|
|1579|
7176|397|
7176|397|
|1847|
7176|397|
7176|397|
|1579|
7176|397|
|18447|
7159|230|
7159|230|
7159|230|
7159|230|
7159|230|
7159|230|
7159|230|
7159|230|
7159|230|
7159|230|
7159|230|
7159|230|
7159|230|
7159|230|
7159|230|
7159|230|
7159|230|
7159|230|
7159|230|
7159|230|
|18447|
7159|230|
7160|1770|
8355|206|
224134|29493|
6706|346|
79901|10806|
6706|346|
645159|730|
6728|102|
6706|346|
6706|346|
6706|346|
6706|346|
6706|346|
6728|102|
6706|346|
6728|102|
6706|346|
6706|346|
224134|29493|
91582|2638|
6706|346|
|39587|
6706|346|
|39587|
79901|10806|
52641|372|
52638|2258|
52638|2258|
221654|302|
52641|372|
587144|347|
221654|302|
52638|2258|
587144|347|
52641|372|
1450415|4619|
1450415|4619|
52638|2258|
1450415|4619|
52638|2258|
587144|347|
52638|2258|
1450415|4619|
52641|372|
587144|347|
110441|142|
52641|372|
52641|372|
52638|2258|
110441|142|
52641|372|
52641|372|
52641|372|
587144|347|
221654|302|
52638|2258|
221654|302|
52641|372|
117530|2371|
1450415|4619|
117530|2371|
587144|347|
8083|287|
8084|1681|
8083|287|
8083|287|
8083|287|
8084|1681|
8084|1681|
8084|1681|
310915|31626|
310915|31626|
30879|128|
30879|128|
310915|31626|
310915|31626|
96903|811|
96903|811|
96903|811|
96903|811|
72446|572|
30879|128|
33527|1936|
33527|1936|
33527|1936|
7955|5156|
33527|1936|
7955|5156|
|1847|
|1847|
|1847|
|1847|
|1579|
|1847|
|1847|
|1579|
|1847|
|1847|
|1579|
|1579|
|1579|
|1847|
|1847|
|1579|
|1847|
|1847|
|1847|
|1579|
|1847|
7165|2919|
7165|2919|
7159|230|
7165|2919|
7159|230|
7159|230|
7165|2919|
7165|2919|
7159|230|
7165|2919|
7159|230|
7159|230|
7165|2919|
7159|230|
7165|2919|
7165|2919|
7159|230|
7159|230|
7159|230|
7159|230|
7165|2919|
7159|230|
7159|230|
7165|2919|
7160|1770|
7160|1770|
7160|1770|
7160|1770|
7160|1770|
7160|1770|
7160|1770|
7160|1770|
7160|1770|
7160|1770|
7160|1770|
7160|1770|
7160|1770|
7160|1770|
7160|1770|
7160|1770|
104777|1747|
104777|1747|
|16354|
126650|20144|
926033|58|
7955|5156|
7955|5156|
7955|5156|
7955|5156|
7957|25|
294128|52|
7955|5156|
7955|5156|
294128|52|
52960|497|
3077|479|
42846|170|
7955|5156|
5885|1165|
104777|1747|
7957|25|
|39949|
|39949|
|39949|
304456|418|
304456|418|
304456|418|
304456|418|
7955|5156|
7955|5156|
7159|230|
360686|16315|
7955|5156|
6161|4764|
6161|4764|
6161|4764|
6161|4764|
35525|5|
8022|4|
55967|29537|
|1847|
7159|230|
7175|210|
7175|210|
7175|210|
7160|1770|
7160|1770|
7160|1770|
7160|1770|
7160|1770|
7160|1770|
7160|1770|
7160|1770|
7160|1770|
7160|1770|
7160|1770|
7160|1770|
7160|1770|
7160|1770|
7160|1770|
7160|1770|
52396|374|
52396|374|
|41796|
52396|374|
52396|374|
35525|5|
35525|5|
159741|1460|
159741|1460|
159741|1460|
159741|1460|
159741|1460|
159741|1460|
159741|1460|
159741|1460|
159741|1460|
159741|1460|
159741|1460|
159741|1460|
1169710|2997|
1169710|2997|
1169710|2997|
1169710|2997|
35525|5|
35525|5|
52641|372|
35525|5|
52641|372|
52641|372|
52641|372|
6689|11779|
6689|11779|
6689|11779|
6689|11779|
7955|5156|
7955|5156|
7955|5156|
7955|5156|
8022|4|
35525|5|
7955|5156|
7955|5156|
38577|1194|
6161|4764|
6161|4764|
192200|32417|
30342|1092|
145282|1920|
8404|358|
8400|812|
117530|2371|
90988|1|
7955|5156|
7159|230|
7160|1770|
7159|230|
7160|1770|
7955|5156|
6660|421|
52641|372|
52641|372|
52641|372|
52641|372|
52641|372|
52641|372|
29159|575|
29159|575|
117530|2371|
117530|2371|
90988|1|
90988|1|
35525|5|
35525|5|
35525|5|
35525|5|
35525|5|
35525|5|
35525|5|
7176|397|
302197|963|
42846|170|
77651|973|
6669|8|
7955|5156|
35525|5|
35525|5|
35525|5|
7955|5156|
7955|5156|
7955|5156|
7955|5156|
35525|5|
35525|5|
159741|1460|
35525|5|
35525|5|
35525|5|
35525|5|
35525|5|
35525|5|
117530|2371|
117530|2371|
35525|5|
|1212|
|1212|
7953|425|
7953|425|
7953|425|
7953|425|
72446|572|
7953|425|
7953|425|
7953|425|
7953|425|
59899|113|
59899|113|
59899|113|
59899|113|
59899|113|
72446|572|
304456|418|
304456|418|
304456|418|
304456|418|
304456|418|
|1212|
|1212|
7955|5156|
7955|5156|
7955|5156|
7955|5156|
7955|5156|
7955|5156|
7955|5156|
7955|5156|
7955|5156|
13095|1141|
13095|1141|
13095|1141|
13095|1141|
|1579|
|1847|
|1847|
|1579|
|1579|
|1579|
|1847|
|1579|
|1847|
|1847|
|1579|
|1579|
|1847|
|1847|
35525|5|
35525|5|
35525|5|
35525|5|
35525|5|
7955|5156|
35525|5|
294128|52|
117530|2371|
294128|52|
294128|52|
117530|2371|
90988|1|
|1579|
|1847|
|1847|
|1847|
|1579|
|1847|
|1579|
|1847|
|1579|
|1847|
|1847|
|1579|
|1579|
|1847|
|1847|
|1579|
37003|1517|
37003|1517|
37003|1517|
7955|5156|
143606|11739|
13013|2079|
13013|2079|
13013|2079|
7962|21|
8355|206|
8355|206|
8355|206|
8355|206|
35525|5|
52641|372|
35525|5|
52638|2258|
35525|5|
52638|2258|
52638|2258|
35525|5|
35525|5|
52638|2258|
52641|372|
52641|372|
52641|372|
7955|5156|
7955|5156|
7955|5156|
7955|5156|
7955|5156|
7955|5156|
7955|5156|
7955|5156|
7955|5156|
7955|5156|
7955|5156|
7955|5156|
7955|5156|
8355|206|
8355|206|
8355|206|
35525|5|
294128|52|
8022|4|
294128|52|
294128|52|
8355|206|
42528|11805|
72446|572|
72446|572|
|18950|
|18950|
|18950|
|18950|
|18950|
|18950|
|18950|
|18950|
7955|5156|
7955|5156|
7962|21|
7962|21|
7962|21|
7962|21|
7959|201|
7959|201|
7959|201|
7959|201|
|19825|
7955|5156|
7955|5156|
8364|27767|
8364|27767|
8364|27767|
8364|27767|
7955|5156|
7955|5156|
7955|5156|
7955|5156|
7955|5156|
101364|20118|
101364|20118|
101364|20118|
117530|2371|
90988|1|
38577|1194|
117530|2371|
90988|1|
45438|2353|
45438|2353|
45438|2353|
45438|2353|
7955|5156|
7955|5156|
30317|26656|
233779|28720|
30317|26656|
233779|28720|
8355|206|
8355|206|
8355|206|
35525|5|
35525|5|
35525|5|
35525|5|
35525|5|
35525|5|
|1676|
|1676|
485596|48897|
485596|48897|
104712|49838|
104712|49838|
104712|49838|
61662|640|
61662|640|
61662|640|
61662|640|
294128|52|
294128|52|
|18447|
|18447|
117530|2371|
7192|1173|
63229|2784|
92525|609|
|30124|
27404|1260|
52641|372|
35525|5|
197152|157|
104777|1747|
146087|564|
55713|601|
6160|757|
57111|21566|
39784|11926|
44764|1137|
72446|572|
72446|572|
7159|230|
7159|230|
7159|230|
221654|302|
221654|302|
221654|302|
221654|302|
221654|302|
221654|302|
221654|302|
7955|5156|
7955|5156|
7955|5156|
7955|5156|
|1847|
|1847|
|1847|
|1579|
|1579|
|1847|
|1847|
|1579|
|1579|
|1579|
|1579|
|1579|
|1847|
|1847|
7159|230|
7159|230|
7159|230|
7159|230|
7159|230|
7159|230|
7159|230|
7159|230|
7159|230|
117530|2371|
117530|2371|
90988|1|
90988|1|
38577|1194|
38577|1194|
38577|1194|
38577|1194|
197464|39433|
8355|206|
8355|206|
8355|206|
117530|2371|
117530|2371|
90988|1|
90988|1|
39631|4546|
4472|507|
6161|4764|
6161|4764|
6161|4764|
6161|4764|
294128|52|
294128|52|
294128|52|
117530|2371|
221654|302|
294128|52|
221654|302|
221654|302|
221654|302|
294128|52|
221654|302|
221654|302|
294128|52|
221654|302|
117530|2371|
294128|52|
221654|302|
117530|2371|
88015|649|
294128|52|
294128|52|
294128|52|
294128|52|
294128|52|
294128|52|
221654|302|
117530|2371|
35525|5|
294128|52|
90988|1|
28743|86|
90988|1|
7955|5156|
7955|5156|
7955|5156|
7955|5156|
7955|5156|
|1847|
|1847|
|1579|
|1847|
173834|26567|
|41050|
|1579|
699975|1996|
604014|41052|
197159|530|
|1579|
|1579|
248183|4833|
|1847|
603886|41049|
178330|41053|
50443|540|
|1847|
|1847|
|1579|
|1579|
177802|541|
|1847|
|1579|
248215|5335|
|18447|
|18447|
|18447|
|18447|
|18447|
|18447|
|18447|
|4676|
|4676|
1232801|31962|
6161|4764|
6161|4764|
6161|4764|
6161|4764|
143606|11739|
6161|4764|
6161|4764|
6161|4764|
6161|4764|
143606|11739|
8403|4926|
7955|5156|
|16801|
35525|5|
143606|11739|
7955|5156|
8355|206|
224134|29493|
224134|29493|
1917107|39288|
6763|76|
6763|76|
6763|76|
6763|76|
221654|302|
6763|76|
6763|76|
88015|649|
110441|142|
110441|142|
221654|302|
6763|76|
221654|302|
6763|76|
221654|302|
59899|113|
30879|128|
72446|572|
30879|128|
30879|128|
8128|485|
72446|572|
7955|5156|
7955|5156|
7955|5156|
7955|5156|
7955|5156|
7955|5156|
7955|5156|
7955|5156|
7955|5156|
7955|5156|
7175|210|
7175|210|
7175|210|
7159|230|
7160|1770|
7160|1770|
7160|1770|
7160|1770|
7160|1770|
7160|1770|
7160|1770|
7160|1770|
7160|1770|
7160|1770|
7160|1770|
7160|1770|
7160|1770|
7160|1770|
7160|1770|
7160|1770|
7955|5156|
7955|5156|
7955|5156|
7955|5156|
7955|5156|
7955|5156|
7955|5156|
7176|397|
7159|230|
7159|230|
7159|230|
7159|230|
7160|1770|
7160|1770|
7160|1770|
7160|1770|
7160|1770|
7160|1770|
7160|1770|
7160|1770|
7160|1770|
7160|1770|
294128|52|
35525|5|
90988|1|
7955|5156|
8128|485|
|26546|
|26546|
|26546|
64549|17733|
64549|17733|
64549|17733|
|1212|
7962|21|
13095|1141|
8407|904|
8407|904|
8407|904|
7175|210|
7175|210|
7175|210|
7159|230|
7159|230|
7159|230|
7159|230|
8355|206|
8355|206|
221298|2457|
418411|1568|
505729|16073|
218685|51910|
|16801|
35525|5|
35525|5|
35525|5|
35525|5|
35525|5|
35525|5|
294128|52|
52638|2258|
72446|572|
84645|202|
72446|572|
7955|5156|
7955|5156|
7955|5156|
7955|5156|
7955|5156|
7955|5156|
7955|5156|
7955|5156|
7955|5156|
7955|5156|
7955|5156|
7955|5156|
7955|5156|
7962|21|
2078957|41370|
|18447|
61662|640|
7955|5156|
7957|25|
1232801|31962|
7955|5156|
117530|2371|
117530|2371|
35525|5|
7176|397|
|2422|
197152|157|
197152|157|
197152|157|
197152|157|
197152|157|
197152|157|
197152|157|
197152|157|
|2422|
1203598|2973|
7159|230|
7159|230|
7159|230|
96915|6108|
7165|2919|
7176|397|
7175|210|
7165|2919|
7165|2919|
38577|1194|
38577|1194|
38577|1194|
38577|1194|
38577|1194|
38577|1194|
38577|1194|
38577|1194|
38577|1194|
38577|1194|
38577|1194|
38577|1194|
38577|1194|
38577|1194|
38577|1194|
38577|1194|
35525|5|
35525|5|
7159|230|
7159|230|
7159|230|
7955|5156|
|16801|
7955|5156|
35525|5|
35525|5|
35525|5|
7955|5156|
35525|5|
7955|5156|
7955|5156|
7955|5156|
7955|5156|
294128|52|
294128|52|
603886|41049|
177802|541|
699975|1996|
248215|5335|
|41050|
|18447|
|18447|
294128|52|
294128|52|
248215|5335|
50443|540|
|41050|
177802|541|
173834|26567|
699975|1996|
197159|530|
603886|41049|
604014|41052|
248215|5335|
248215|5335|
248183|4833|
|18447|
|18447|
|29896|
|29896|
|29896|
|29896|
294128|52|
117530|2371|
117530|2371|
294128|52|
90988|1|
90988|1|
7955|5156|
90988|1|
7955|5156|
7962|21|
7962|21|
7962|21|
248192|605|
197159|530|
603886|41049|
391807|29905|
248215|5335|
391807|29905|
603592|42168|
248183|4833|
177802|541|
50443|540|
173834|26567|
|41050|
391807|29905|
699975|1996|
604014|41052|
391807|29905|
|18447|
7159|230|
|18447|
35525|5|
35525|5|
35525|5|
7955|5156|
|1847|
|1847|
|1847|
|1847|
|1579|
|1579|
|1847|
|1847|
|1847|
|1579|
|1579|
|1847|
|1847|
|1847|
|1847|
|1847|
|1847|
|1579|
|1579|
|1847|
|1847|
7159|230|
7159|230|
7159|230|
38577|1194|
|17854|
|17854|
|17854|
7955|5156|
|16801|
7955|5156|
|16801|
|16801|
52638|2258|
7957|25|
7957|25|
7959|201|
52396|374|
52396|374|
35525|5|
35525|5|
143606|11739|
52904|1977|
8081|28|
1232801|31962|
7955|5156|
7955|5156|
7955|5156|
7955|5156|
7955|5156|
7159|230|
7159|230|
7159|230|
7159|230|
7159|230|
96915|6108|
7175|210|
7175|210|
280005|16125|
280005|16125|
280005|16125|
280005|16125|
280005|16125|
280005|16125|
280005|16125|
280005|16125|
92525|609|
92525|609|
92525|609|
92525|609|
92525|609|
52638|2258|
35525|5|
52641|372|
52641|372|
52638|2258|
6763|76|
6763|76|
6763|76|
52641|372|
6763|76|
52641|372|
6763|76|
52641|372|
6763|76|
52641|372|
52641|372|
52641|372|
6763|76|
117530|2371|
52641|372|
294128|52|
6763|76|
7955|5156|
7955|5156|
7904|2517|
7176|397|
197152|157|
197152|157|
280219|5778|
178295|676|
197152|157|
7176|397|
7176|397|
7176|397|
197152|157|
197152|157|
7176|397|
|2422|
7176|397|
7176|397|
7176|397|
7176|397|
7176|397|
2078957|41370|
197152|157|
197152|157|
197152|157|
197152|157|
197152|157|
197152|157|
197152|157|
280219|5778|
204562|3015|
45948|923|
197152|157|
50645|1646|
1203598|2973|
1279096|4782|
197152|157|
197152|157|
204562|3015|
197152|157|
204562|3015|
1279096|4782|
|11064|
|2422|
197152|157|
279420|1252|
279420|1252|
7176|397|
7176|397|
7176|397|
197152|157|
7176|397|
197152|157|
7176|397|
197152|157|
197152|157|
197152|157|
197152|157|
197152|157|
280219|5778|
1279096|4782|
7176|397|
197152|157|
7159|230|
7159|230|
7159|230|
7159|230|
7159|230|
7153|85|
315576|964|
7159|230|
7159|230|
|18447|
|18447|
|41406|
|1191|
|41406|
96915|6108|
61662|640|
35525|5|
35525|5|
35525|5|
35525|5|
35525|5|
35525|5|
35525|5|
35525|5|
35525|5|
35525|5|
38577|1194|
1302381|32092|
1672244|32091|
1071978|32093|
|16801|
|16801|
294128|52|
7955|5156|
7955|5156|
7962|21|
7959|201|
7957|25|
7957|25|
7959|201|
35525|5|
35525|5|
35525|5|
35525|5|
35525|5|
35525|5|
8355|206|
8355|206|
7962|21|
7159|230|
7159|230|
7159|230|
1080762|2976|
1080762|2976|
1080762|2976|
1080762|2976|
197152|157|
|2422|
197152|157|
197152|157|
197152|157|
|2422|
197152|157|
197152|157|
197152|157|
7176|397|
197152|157|
7159|230|
7159|230|
7159|230|
7159|230|
7159|230|
7159|230|
96915|6108|
|41406|
|41406|
1400849|4389|
6660|421|
158387|6038|
1232801|1780|
30732|20710|
12922|16496|
55976|29013|
216498|5611|
72036|5473|
72036|5473|
72036|5473|
72036|5473|
72036|5473|
72036|5473|
72036|5473|
72036|5473|
72036|5473|
72036|5473|
72036|5473|
72036|5473|
72036|5473|
72036|5473|
72036|5473|
72036|5473|
72036|5473|
72036|5473|
72036|5473|
72036|5473|
72036|5473|
72036|5473|
72036|5473|
72036|5473|
72036|5473|
72036|5473|
72036|5473|
72036|5473|
72036|5473|
72036|5473|
72036|5473|
72036|5473|
72036|5473|
72036|5473|
7955|5156|
515277|40974|
7160|1770|
7160|1770|
7160|1770|
7160|1770|
7160|1770|
7160|1770|
7160|1770|
7160|1770|
7160|1770|
7160|1770|
7160|1770|
7160|1770|
7160|1770|
7160|1770|
7160|1770|
7160|1770|
|1676|
|1676|
|1676|
|1676|
117530|2371|
90988|1|
485596|48897|
485596|48897|
485596|48897|
485596|48897|
104712|49838|
104712|49838|
104712|49838|
61662|640|
61662|640|
61662|640|
7176|397|
7165|2919|
7159|230|
7159|230|
7159|230|
96915|6108|
7175|210|
7159|230|
7159|230|
7160|1770|
7160|1770|
7160|1770|
7160|1770|
7160|1770|
7160|1770|
7160|1770|
7160|1770|
7160|1770|
7160|1770|
7160|1770|
7160|1770|
7160|1770|
7160|1770|
7160|1770|
7160|1770|
48498|11037|
104758|4683|
48498|11037|
7160|1770|
7160|1770|
7160|1770|
7160|1770|
7160|1770|
7160|1770|
7160|1770|
7160|1770|
7160|1770|
7160|1770|
7160|1770|
7160|1770|
7160|1770|
7160|1770|
7160|1770|
7160|1770|
35525|5|
35525|5|
8409|5713|
8409|5713|
30328|19471|
8409|5713|
8409|5713|
30328|19471|
|16801|
|16801|
8355|206|
8355|206|
8355|206|
8355|206|
294128|52|
294128|52|
294128|52|
294128|52|
7955|5156|
7955|5156|
7955|5156|
7955|5156|
7955|5156|
7955|5156|
7955|5156|
7955|5156|
7955|5156|
7955|5156|
7955|5156|
7955|5156|
7955|5156|
7955|5156|
7955|5156|
7955|5156|
7955|5156|
7955|5156|
7955|5156|
7962|21|
39631|4546|
4472|507|
6523|294|
6523|294|
6523|294|
6523|294|
6523|294|
8355|206|
8355|206|
7955|5156|
35525|5|
39631|4546|
4472|507|
|5657|
|5657|
294128|52|
35525|5|
90988|1|
|18447|
7159|230|
7159|230|
7159|230|
|41406|
96915|6108|
|41406|
52396|374|
13013|2079|
13013|2079|
13013|2079|
13013|2079|
30328|19471|
30328|19471|
294128|52|
294128|52|
294128|52|
35525|5|
7955|5156|
35525|5|
7955|5156|
1206072|10413|
7159|230|
35525|5|
90988|1|
90988|1|
7160|1770|
7955|5156|
7955|5156|
7957|25|
39631|4546|
4472|507|
7159|230|
30328|19471|
30328|19471|
117530|2371|
90988|1|
|16801|
|16801|
55108|28981|
8355|206|
8355|206|
39631|4546|
4472|507|
35525|5|
|16801|
|16801|
7159|230|
96915|6108|
35525|5|
7955|5156|
35525|5|
7955|5156|
35525|5|
7955|5156|
35525|5|
7955|5156|
6689|11779|
6689|11779|
6689|11779|
6689|11779|
6689|11779|
6689|11779|
6689|11779|
6689|11779|
6689|11779|
6689|11779|
6689|11779|
6689|11779|
6689|11779|
6689|11779|
6689|11779|
6689|11779|
6689|11779|
6689|11779|
6689|11779|
6689|11779|
6689|11779|
6689|11779|
6689|11779|
6689|11779|
|1847|
|1847|
|1847|
|1847|
|1847|
