"Species NCBI TaxID"|"Species ECOTOX Number"|
6661|3004|
33528|16|
33528|16|
33528|16|
425479|2761|
33528|16|
425479|2761|
425479|2761|
425479|2761|
8022|4|
8355|206|
8355|206|
8355|206|
|212|
|4676|
|4676|
8090|109|
8090|109|
8078|57|
8078|57|
399978|4789|
399978|4789|
1080760|4701|
1522908|5900|
294128|52|
294128|52|
7176|397|
7176|397|
7153|85|
8355|206|
8355|206|
178002|382|
178002|382|
35525|5|
85549|366|
85549|366|
85549|366|
8090|109|
8090|109|
8090|109|
8128|485|
|4676|
|4676|
8355|206|
8355|206|
8355|206|
8355|206|
8355|206|
|5692|
|1579|
7176|397|
7175|210|
7176|397|
7175|210|
7159|230|
7159|230|
7159|230|
7159|230|
7159|230|
7159|230|
7159|230|
7159|230|
7159|230|
7159|230|
85549|366|
85549|366|
85549|366|
|388|
|388|
|388|
|388|
|388|
|388|
|388|
|388|
|388|
|388|
|388|
|388|
|388|
|388|
8260|130|
8260|130|
33397|81|
33397|81|
|4657|
6386|532|
6386|532|
35525|5|
35525|5|
35525|5|
|11255|
33528|16|
7175|210|
7176|397|
7176|397|
7176|397|
7159|230|
7159|230|
402028|5531|
|4676|
35525|5|
|212|
|4676|
8355|206|
8355|206|
8355|206|
8355|206|
8355|206|
8355|206|
8355|206|
8355|206|
8355|206|
1080760|4701|
1522908|5900|
8081|28|
47562|3052|
8355|206|
117530|2371|
117530|2371|
117530|2371|
90988|1|
136180|376|
52641|372|
|4676|
52641|372|
52641|372|
52641|372|
|212|
|4676|
52641|372|
52641|372|
52641|372|
52641|372|
52641|372|
52641|372|
7955|5156|
7955|5156|
294128|52|
35525|5|
90988|1|
7153|85|
136180|376|
1080760|4701|
1522908|5900|
35525|5|
294128|52|
52641|372|
294128|52|
294128|52|
35525|5|
52641|372|
294128|52|
52641|372|
52641|372|
294128|52|
294128|52|
294128|52|
52641|372|
294128|52|
52641|372|
294128|52|
294128|52|
294128|52|
268476|7370|
268476|7370|
268476|7370|
|11255|
268476|7370|
33528|16|
8081|28|
7955|5156|
7955|5156|
8081|28|
8081|28|
7955|5156|
7955|5156|
8081|28|
315576|964|
402028|5531|
8081|28|
8081|28|
8081|28|
8081|28|
6523|294|
6523|294|
6523|294|
6523|294|
35525|5|
35525|5|
8090|109|
8090|109|
8090|109|
1143|5191|
6660|421|
6660|421|
1522908|5900|
223650|1577|
1080760|4701|
6660|421|
35525|5|
35525|5|
59899|113|
8128|485|
8128|485|
304456|418|
8128|485|
93621|352|
8128|485|
8128|485|
7955|5156|
329105|1670|
329105|1670|
329105|1670|
7159|230|
7159|230|
1239313|4665|
294128|52|
|2921|
13013|2079|
13013|2079|
8128|485|
13013|2079|
8128|485|
8081|28|
8081|28|
8081|28|
8081|28|
6523|294|
6523|294|
6523|294|
6523|294|
6697|5355|
272819|4707|
272819|4707|
272819|4707|
59899|113|
59899|113|
84645|202|
|1847|
|1640|
|1640|
|1640|
|1640|
6523|294|
6550|208|
1179|1476|
1179|1476|
1179|1476|
1179|1476|
145282|1920|
145282|1920|
145282|1920|
145282|1920|
145282|1920|
145282|1920|
30343|478|
145282|1920|
145282|1920|
145282|1920|
30325|31156|
145282|1920|
145282|1920|
145282|1920|
8355|206|
8355|206|
1080760|4701|
1522908|5900|
303055|2766|
85549|366|
85549|366|
303055|2766|
85549|366|
303055|2766|
294128|52|
294128|52|
35525|5|
294128|52|
294128|52|
294128|52|
294128|52|
294128|52|
294128|52|
294128|52|
294128|52|
54333|16176|
209240|38584|
54333|16176|
36177|2516|
337539|308|
59899|113|
7910|2519|
209240|38584|
209240|38584|
7910|2519|
209240|38584|
54333|16176|
7910|2519|
54333|16176|
7910|2519|
54333|16176|
34773|144|
7910|2519|
59899|113|
54333|16176|
7910|2519|
8090|109|
28743|86|
28743|86|
90988|1|
90988|1|
90988|1|
7957|25|
8022|4|
8022|4|
8022|4|
68464|16178|
157888|16177|
7907|2514|
453929|11783|
170859|4810|
157888|16177|
69138|135|
232998|2599|
68464|16178|
68464|16178|
209197|11660|
157888|16177|
323265|11784|
68464|16178|
68464|16178|
157888|16177|
154827|2617|
453929|11783|
72053|11611|
68464|16178|
232998|2599|
69138|135|
72053|11611|
154827|2617|
154827|2617|
323265|11784|
68464|16178|
170859|4810|
68464|16178|
68464|16178|
209197|11660|
68464|16178|
232998|2599|
68464|16178|
209197|11660|
453929|11783|
157888|16177|
170859|4810|
72053|11611|
157888|16177|
481685|17167|
7175|210|
173781|17217|
185818|6024|
481685|17167|
7176|397|
481685|17167|
173781|17217|
309641|17215|
1188218|17219|
481685|17167|
1188218|17219|
309641|17215|
177646|36|
7176|397|
7176|397|
309641|17215|
481685|17167|
309641|17215|
1192235|17218|
481685|17167|
7160|1770|
402028|5531|
670105|17226|
85549|366|
221654|302|
221654|302|
221654|302|
221654|302|
221654|302|
221654|302|
221654|302|
221654|302|
221654|302|
221654|302|
35525|5|
221654|302|
221654|302|
221654|302|
221654|302|
35525|5|
221654|302|
221654|302|
221654|302|
37688|10300|
37688|10300|
6239|4550|
85549|366|
35525|5|
35525|5|
13106|2|
7955|5156|
13106|2|
13106|2|
7955|5156|
37688|10300|
37688|10300|
37688|10300|
37688|10300|
221654|302|
221654|302|
221654|302|
221654|302|
136180|376|
52641|372|
221654|302|
221654|302|
37688|10300|
37688|10300|
221654|302|
221654|302|
221654|302|
221654|302|
221654|302|
221654|302|
37688|10300|
37688|10300|
37688|10300|
37688|10300|
37688|10300|
37688|10300|
37688|10300|
37688|10300|
117530|2371|
117530|2371|
85549|366|
85549|366|
85549|366|
1522908|5900|
1080760|4701|
399978|4789|
399978|4789|
294128|52|
7153|85|
7153|85|
136180|376|
52641|372|
294128|52|
294128|52|
136180|376|
7153|85|
37688|10300|
37688|10300|
85549|366|
85549|366|
85549|366|
221654|302|
221654|302|
221654|302|
221654|302|
221654|302|
221654|302|
8355|206|
8355|206|
8355|206|
8355|206|
8355|206|
8355|206|
8355|206|
8355|206|
8355|206|
400727|4733|
|212|
|212|
8355|206|
8355|206|
8355|206|
117530|2371|
117530|2371|
8355|206|
8355|206|
8355|206|
8355|206|
8355|206|
8355|206|
8355|206|
8355|206|
8355|206|
|486|
85549|366|
85549|366|
85549|366|
8355|206|
8355|206|
8355|206|
8355|206|
8355|206|
8355|206|
8355|206|
8355|206|
8355|206|
6661|3004|
136180|376|
136180|376|
52641|372|
52641|372|
90988|1|
90988|1|
90988|1|
90988|1|
90988|1|
90988|1|
52641|372|
52641|372|
136180|376|
52641|372|
52641|372|
52641|372|
52641|372|
136180|376|
52641|372|
52641|372|
136180|376|
52641|372|
52641|372|
52641|372|
8084|1681|
8090|109|
8090|109|
7962|21|
|2265|
|2265|
110441|142|
110441|142|
35525|5|
136180|376|
13106|2|
13106|2|
13106|2|
90988|1|
90988|1|
90988|1|
90988|1|
13106|2|
|2265|
|2265|
13106|2|
90988|1|
90988|1|
90988|1|
90988|1|
13106|2|
13106|2|
13106|2|
|2265|
|2265|
7153|85|
7153|85|
7153|85|
13106|2|
13106|2|
13106|2|
90988|1|
90988|1|
90988|1|
90988|1|
13106|2|
|2265|
|2265|
7962|21|
52641|372|
294128|52|
294128|52|
35525|5|
294128|52|
28743|86|
315576|964|
315576|964|
315576|964|
315576|964|
90988|1|
90988|1|
90988|1|
90988|1|
90988|1|
13106|2|
13106|2|
90988|1|
90988|1|
90988|1|
13106|2|
13106|2|
|2265|
|2265|
145282|1920|
47562|3052|
59636|2368|
43114|971|
145282|1920|
145282|1920|
145282|1920|
47562|3052|
8406|9943|
1080760|4701|
1522908|5900|
|17743|
221654|302|
110441|142|
110441|142|
221654|302|
221654|302|
221654|302|
76340|1196|
76340|1196|
76340|1196|
76340|1196|
76340|1196|
270329|126|
76340|1196|
270329|126|
270329|126|
270329|126|
8078|57|
90988|1|
28743|86|
8078|57|
8078|57|
90988|1|
90988|1|
8078|57|
90988|1|
8078|57|
90988|1|
90988|1|
8078|57|
8078|57|
28743|86|
481685|17167|
481685|17167|
481685|17167|
481685|17167|
481685|17167|
481685|17167|
7152|122|
294128|52|
294128|52|
33528|16|
30325|31156|
30325|31156|
30325|31156|
30325|31156|
30325|31156|
30325|31156|
|11080|
669471|2348|
|11080|
178002|382|
|11080|
|11076|
178002|382|
|11080|
|11076|
669471|2348|
|11922|
|11080|
|11080|
|11080|
|11080|
|11080|
|11080|
|11080|
|11080|
|11076|
669471|2348|
544687|1068|
669471|2348|
|11076|
88015|649|
35525|5|
7910|2519|
7910|2519|
7910|2519|
54333|16176|
34773|144|
54333|16176|
54333|16176|
598664|16310|
451738|2418|
54333|16176|
36177|2516|
54333|16176|
54333|16176|
90988|1|
90988|1|
90988|1|
28743|86|
28743|86|
90988|1|
8022|4|
8022|4|
8022|4|
170859|4810|
72053|11611|
323265|11784|
453929|11783|
157888|16177|
157888|16177|
232998|2599|
157888|16177|
68464|16178|
68464|16178|
209197|11660|
170859|4810|
157888|16177|
68464|16178|
68464|16178|
157888|16177|
154827|2617|
232998|2599|
323265|11784|
72053|11611|
7907|2514|
232998|2599|
209197|11660|
453929|11783|
209197|11660|
154827|2617|
154827|2617|
170859|4810|
453929|11783|
68464|16178|
72053|11611|
68464|16178|
157888|16177|
301905|6041|
301905|6041|
|1618|
45954|218|
45954|218|
45954|218|
45954|218|
45954|218|
45954|218|
45954|218|
45954|218|
45954|218|
|2265|
|2265|
402028|5531|
8081|28|
8081|28|
8081|28|
8081|28|
6523|294|
6523|294|
6523|294|
6523|294|
|212|
|212|
110441|142|
|212|
|212|
76340|1196|
120995|1455|
|1640|
|1640|
191797|697|
|1640|
|1640|
191797|697|
191797|697|
191797|697|
37688|10300|
37688|10300|
8081|28|
8081|28|
8081|28|
8081|28|
6523|294|
6523|294|
6523|294|
6523|294|
35525|5|
35525|5|
238232|1932|
13106|2|
13106|2|
37688|10300|
37688|10300|
8081|28|
8081|28|
8081|28|
8081|28|
315576|964|
6523|294|
6523|294|
6523|294|
6523|294|
8355|206|
8355|206|
8355|206|
35525|5|
35525|5|
8022|4|
|11922|
117530|2371|
117530|2371|
117530|2371|
117530|2371|
451738|2418|
27717|43|
104777|1747|
104777|1747|
117530|2371|
90988|1|
35525|5|
35525|5|
544687|1068|
136140|1784|
88015|649|
37688|10300|
37688|10300|
35525|5|
92525|609|
35525|5|
35525|5|
52641|372|
136180|376|
35525|5|
35525|5|
35525|5|
69293|97|
8022|4|
8022|4|
315576|964|
315576|964|
315576|964|
104777|1747|
61662|640|
61662|640|
61662|640|
61662|640|
13106|2|
13106|2|
13106|2|
8022|4|
8022|4|
8022|4|
37688|10300|
37688|10300|
8019|23|
8019|23|
8019|23|
8019|23|
8022|4|
8022|4|
8022|4|
8022|4|
7955|5156|
8019|23|
8019|23|
8019|23|
8019|23|
8022|4|
8022|4|
8022|4|
8022|4|
37688|10300|
37688|10300|
8081|28|
8081|28|
8081|28|
8081|28|
6523|294|
6523|294|
6523|294|
6523|294|
8081|28|
8081|28|
8081|28|
8081|28|
6523|294|
6523|294|
6523|294|
6523|294|
110441|142|
110441|142|
76340|1196|
76340|1196|
120995|1455|
120995|1455|
110441|142|
110441|142|
76340|1196|
120995|1455|
120995|1455|
425479|2761|
425479|2761|
425479|2761|
425479|2761|
117530|2371|
117530|2371|
294128|52|
294128|52|
294128|52|
294128|52|
90988|1|
90988|1|
90988|1|
90988|1|
37688|10300|
37688|10300|
30325|31156|
30325|31156|
30325|31156|
30325|31156|
30325|31156|
30325|31156|
371472|1342|
|4676|
371472|1342|
371472|1342|
|4676|
54333|16176|
7910|2519|
36177|2516|
7910|2519|
7910|2519|
54333|16176|
7910|2519|
54333|16176|
54333|16176|
34773|144|
7910|2519|
7910|2519|
54333|16176|
36177|2516|
54333|16176|
90988|1|
28743|86|
28743|86|
8090|109|
8090|109|
8090|109|
90988|1|
90988|1|
8022|4|
8022|4|
8022|4|
209197|11660|
157888|16177|
68464|16178|
157888|16177|
72053|11611|
72053|11611|
157888|16177|
157888|16177|
209197|11660|
170859|4810|
68464|16178|
453929|11783|
157888|16177|
68464|16178|
232998|2599|
453929|11783|
154827|2617|
453929|11783|
68464|16178|
232998|2599|
157888|16177|
154827|2617|
323265|11784|
68464|16178|
154827|2617|
232998|2599|
72053|11611|
170859|4810|
209197|11660|
68464|16178|
170859|4810|
8090|109|
8090|109|
35525|5|
33528|16|
7176|397|
425479|2761|
425479|2761|
425479|2761|
425479|2761|
425479|2761|
425479|2761|
425479|2761|
425479|2761|
7955|5156|
7176|397|
6087|2807|
6082|4660|
37688|10300|
37688|10300|
117530|2371|
117530|2371|
117530|2371|
85549|366|
85549|366|
85549|366|
8355|206|
8355|206|
8355|206|
8355|206|
8355|206|
8355|206|
8355|206|
8355|206|
8355|206|
90988|1|
90988|1|
8022|4|
8022|4|
315576|964|
61662|640|
61662|640|
37688|10300|
37688|10300|
117530|2371|
117530|2371|
37688|10300|
37688|10300|
425479|2761|
425479|2761|
425479|2761|
425479|2761|
8356|1492|
8356|1492|
8356|1492|
8356|1492|
8356|1492|
117530|2371|
117530|2371|
37688|10300|
37688|10300|
79674|648|
79674|648|
79674|648|
79674|648|
79674|648|
79674|648|
79674|648|
79674|648|
79674|648|
35525|5|
35525|5|
451738|2418|
8127|134|
8090|109|
8081|28|
8090|109|
8090|109|
8022|4|
189839|1262|
37688|10300|
37688|10300|
8406|9943|
8355|206|
8355|206|
8355|206|
8355|206|
8355|206|
8355|206|
8355|206|
8355|206|
8355|206|
451738|2418|
8090|109|
37688|10300|
37688|10300|
8355|206|
8355|206|
8355|206|
8355|206|
8355|206|
8355|206|
8355|206|
8355|206|
8355|206|
1522908|5900|
85549|366|
85549|366|
1080760|4701|
85549|366|
6669|8|
93621|352|
8081|28|
7175|210|
|1049|
7176|397|
7176|397|
7175|210|
7176|397|
7175|210|
7175|210|
7175|210|
53527|1042|
7176|397|
53527|1042|
7159|230|
7159|230|
7159|230|
7159|230|
7159|230|
145282|1920|
145282|1920|
145282|1920|
145282|1920|
|11921|
303055|2766|
|11921|
|17743|
85549|366|
|11921|
303055|2766|
6663|10938|
|11921|
79674|648|
79674|648|
79674|648|
79674|648|
|11921|
303055|2766|
220131|16412|
79674|648|
79674|648|
6663|10938|
|11921|
79674|648|
79674|648|
221654|302|
221654|302|
221654|302|
221654|302|
221654|302|
221654|302|
209240|38584|
209240|38584|
209240|38584|
209240|38584|
90988|1|
90988|1|
8078|57|
8090|109|
|1461|
|10299|
|10299|
|1461|
|1461|
177865|360|
177865|360|
7176|397|
|10299|
|10299|
|10299|
|10299|
7176|397|
|1461|
|1461|
|10299|
7176|397|
177865|360|
|10299|
6087|2807|
6082|4660|
35525|5|
35525|5|
90988|1|
90988|1|
90988|1|
90988|1|
8022|4|
8022|4|
8022|4|
8022|4|
400727|4733|
85549|366|
1522908|5900|
85549|366|
6660|421|
6660|421|
85549|366|
6660|421|
1080760|4701|
35525|5|
35525|5|
35525|5|
294128|52|
8090|109|
8090|109|
90988|1|
8090|109|
8090|109|
7998|20|
329105|1670|
329105|1670|
329105|1670|
7159|230|
7159|230|
7153|85|
35525|5|
35525|5|
1239313|4665|
110441|142|
13106|2|
90988|1|
13106|2|
13106|2|
13106|2|
90988|1|
90988|1|
90988|1|
|2265|
|2265|
110441|142|
110441|142|
|212|
|212|
|212|
|212|
76340|1196|
451738|2418|
76340|1196|
120995|1455|
120995|1455|
90988|1|
13106|2|
13106|2|
13106|2|
90988|1|
13106|2|
90988|1|
90988|1|
|2265|
|2265|
|5692|
|1847|
110441|142|
35525|5|
110441|142|
294128|52|
8081|28|
7153|85|
31206|2303|
31206|2303|
52383|5940|
52383|5940|
52383|5940|
52383|5940|
52383|5940|
52383|5940|
110441|142|
110441|142|
|212|
|212|
|212|
|212|
76340|1196|
120995|1455|
120995|1455|
8081|28|
8081|28|
8081|28|
8081|28|
6523|294|
6523|294|
6523|294|
6523|294|
|11921|
|11921|
|11921|
6728|102|
|11921|
|5692|
|11921|
|11921|
|17274|
272819|4707|
221654|302|
117530|2371|
221654|302|
221654|302|
117530|2371|
272819|4707|
272819|4707|
117530|2371|
35525|5|
221654|302|
221654|302|
117530|2371|
221654|302|
8128|485|
93621|352|
33528|16|
8128|485|
13013|2079|
33528|16|
451738|2418|
381606|17044|
8090|109|
7955|5156|
8090|109|
46955|18345|
7176|397|
280216|17256|
46955|18345|
7176|397|
7176|397|
7176|397|
7176|397|
7166|1065|
|2857|
7176|397|
280216|17256|
7176|397|
7175|210|
7176|397|
7176|397|
7175|210|
46955|18345|
1206072|10413|
7176|397|
46955|18345|
7176|397|
7175|210|
7176|397|
7176|397|
7176|397|
197151|399|
7176|397|
7159|230|
7159|230|
7159|230|
7159|230|
7159|230|
7159|230|
7159|230|
7159|230|
7159|230|
7159|230|
7159|230|
7159|230|
7159|230|
7159|230|
7159|230|
7159|230|
7159|230|
7159|230|
7159|230|
7159|230|
7159|230|
7159|230|
104777|1747|
104777|1747|
183420|5763|
504354|5769|
326719|5764|
52396|374|
504354|5769|
326719|5764|
326719|5764|
326719|5764|
183420|5763|
326719|5764|
326719|5764|
52393|5765|
52396|374|
326719|5764|
326718|5766|
52375|5767|
183420|5763|
326719|5764|
183420|5763|
504354|5769|
326718|5766|
52396|374|
326719|5764|
183420|5763|
326719|5764|
326718|5766|
183420|5763|
183420|5763|
326719|5764|
183420|5763|
326719|5764|
326718|5766|
326719|5764|
183420|5763|
183420|5763|
52396|374|
504354|5769|
52383|5940|
52383|5940|
52383|5940|
52383|5940|
52383|5940|
52383|5940|
52383|5940|
52383|5940|
52383|5940|
52383|5940|
52383|5940|
52383|5940|
52383|5940|
52383|5940|
52383|5940|
52383|5940|
52383|5940|
52383|5940|
52383|5940|
183415|5768|
183415|5768|
183415|5768|
183415|5768|
|212|
|212|
|212|
110441|142|
|212|
76340|1196|
120995|1455|
|1609|
|388|
|388|
|1609|
|388|
|388|
|388|
|388|
|388|
|388|
|388|
|388|
|1609|
|388|
|388|
|1609|
|388|
|388|
|1609|
|1609|
|388|
|5692|
|388|
|388|
|388|
|388|
|1609|
|388|
|388|
|388|
|388|
|388|
|388|
|1609|
|388|
|388|
|388|
|388|
|1609|
|388|
|388|
|1609|
|1609|
|388|
6689|11779|
6689|11779|
6689|11779|
6689|11779|
6689|11779|
6689|11779|
6689|11779|
6689|11779|
6689|11779|
6689|11779|
6689|11779|
6689|11779|
6689|11779|
8090|109|
8090|109|
280216|17256|
280216|17256|
7176|397|
|1847|
280216|17256|
7176|397|
280216|17256|
315576|964|
7159|230|
7159|230|
683832|422|
683832|422|
683832|422|
683832|422|
683832|422|
683832|422|
683832|422|
683832|422|
|1444|
|1444|
|1444|
|1444|
195543|1186|
195543|1186|
195543|1186|
195543|1186|
|212|
|212|
|212|
|212|
85549|366|
85549|366|
85549|366|
117530|2371|
117530|2371|
294128|52|
110441|142|
110441|142|
52641|372|
31206|2303|
31206|2303|
52383|5940|
52383|5940|
52383|5940|
52383|5940|
52383|5940|
52383|5940|
90988|1|
90988|1|
90988|1|
90988|1|
13106|2|
13106|2|
13106|2|
13106|2|
|2265|
|2265|
294128|52|
294128|52|
294128|52|
294128|52|
294128|52|
294128|52|
13013|2079|
90988|1|
90988|1|
90988|1|
7955|5156|
90988|1|
90988|1|
231620|16313|
204738|630|
44582|114|
231622|16314|
1213214|16102|
|16316|
|871|
360686|16315|
402028|5531|
104777|1747|
104777|1747|
104777|1747|
104777|1747|
104777|1747|
104777|1747|
104777|1747|
104777|1747|
104777|1747|
104777|1747|
104777|1747|
104777|1747|
104777|1747|
104777|1747|
104777|1747|
6359|5406|
6239|4550|
6239|4550|
6239|4550|
6239|4550|
6239|4550|
6239|4550|
6239|4550|
6239|4550|
6239|4550|
35525|5|
117530|2371|
90988|1|
90988|1|
90988|1|
8022|4|
8022|4|
402028|5531|
7955|5156|
55810|495|
35525|5|
35525|5|
35525|5|
35525|5|
136180|376|
8081|28|
8078|57|
7955|5156|
8078|57|
8090|109|
8078|57|
8078|57|
8078|57|
8090|109|
8078|57|
8078|57|
8078|57|
8090|109|
88208|15994|
88209|1601|
6687|252|
88208|15994|
88206|15995|
88209|1601|
29965|339|
29965|339|
88206|15995|
33528|16|
33528|16|
33528|16|
425479|2761|
425479|2761|
33528|16|
425479|2761|
425479|2761|
110441|142|
110441|142|
110441|142|
110441|142|
110441|142|
269057|341|
269057|341|
269057|341|
28743|86|
269057|341|
28743|86|
28743|86|
28743|86|
117530|2371|
117530|2371|
104777|1747|
13106|2|
13106|2|
13106|2|
13106|2|
13106|2|
13106|2|
8022|4|
8022|4|
8022|4|
8022|4|
8022|4|
8022|4|
13106|2|
13106|2|
13106|2|
8022|4|
8022|4|
8022|4|
|18597|
|18597|
|18597|
|11921|
35525|5|
35525|5|
35525|5|
35525|5|
35525|5|
69236|2358|
69236|2358|
76340|1196|
451738|2418|
69236|2358|
69236|2358|
69236|2358|
69236|2358|
90988|1|
90988|1|
90988|1|
90988|1|
90988|1|
90988|1|
90988|1|
90988|1|
90988|1|
8022|4|
8022|4|
8022|4|
8022|4|
8022|4|
8022|4|
8022|4|
8022|4|
8022|4|
326718|5766|
378425|17069|
52393|5765|
301905|6041|
301905|6041|
52383|5940|
52383|5940|
52383|5940|
120995|1455|
6239|4550|
6239|4550|
6239|4550|
6239|4550|
6239|4550|
37688|10300|
37688|10300|
43114|971|
8404|358|
8355|206|
|2851|
101204|10767|
6706|346|
117982|652|
117982|652|
117982|652|
6706|346|
6706|346|
117982|652|
6706|346|
142002|11005|
6706|346|
117982|652|
1239313|4665|
110441|142|
110441|142|
294128|52|
35525|5|
|2921|
52641|372|
294128|52|
35525|5|
429032|3026|
110441|142|
294128|52|
110441|142|
315709|27|
1450415|4619|
35525|5|
247138|4424|
294128|52|
110441|142|
110441|142|
110441|142|
294128|52|
1239313|4665|
110441|142|
110441|142|
|2921|
247138|4424|
247138|4424|
110441|142|
110441|142|
294128|52|
35525|5|
294128|52|
35525|5|
35525|5|
8265|665|
8265|665|
8265|665|
13106|2|
13106|2|
269057|341|
269057|341|
28743|86|
269057|341|
90988|1|
269057|341|
269057|341|
90988|1|
28743|86|
13106|2|
28743|86|
28743|86|
269057|341|
90988|1|
28743|86|
269057|341|
269057|341|
269057|341|
8022|4|
8022|4|
8022|4|
126204|537|
126204|537|
7153|85|
315576|964|
|5472|
|5472|
|5472|
7641|1793|
7641|1793|
7641|1793|
7641|1793|
7641|1793|
31206|2303|
31206|2303|
283747|11781|
31206|2303|
283747|11781|
283747|11781|
31206|2303|
31206|2303|
52383|5940|
52383|5940|
52383|5940|
52383|5940|
61662|640|
61662|640|
61662|640|
604281|224|
315576|964|
315576|964|
315576|964|
315576|964|
315576|964|
90988|1|
103373|368|
103373|368|
103373|368|
103373|368|
103373|368|
1080760|4701|
1522908|5900|
209240|38584|
84645|202|
84645|202|
209240|38584|
209240|38584|
72446|572|
7962|1520|
84645|202|
209240|38584|
160652|3011|
84397|9955|
160652|3011|
402028|5531|
104777|1747|
59899|113|
|1009|
|1009|
|1009|
|1009|
|1009|
|1009|
|1009|
|1009|
52641|372|
7955|5156|
|1618|
6386|532|
6386|532|
6386|532|
8355|206|
8355|206|
8355|206|
8355|206|
8355|206|
8355|206|
8355|206|
8355|206|
8355|206|
35525|5|
35525|5|
402028|5531|
268476|7370|
268476|7370|
268476|7370|
268476|7370|
8081|28|
7955|5156|
7955|5156|
8081|28|
7955|5156|
8081|28|
8081|28|
7955|5156|
268476|7370|
268476|7370|
268476|7370|
268476|7370|
7955|5156|
8081|28|
8081|28|
8081|28|
7955|5156|
7955|5156|
8081|28|
7955|5156|
268476|7370|
268476|7370|
268476|7370|
268476|7370|
8081|28|
7955|5156|
7955|5156|
7955|5156|
8081|28|
8081|28|
7955|5156|
8081|28|
681221|11774|
221654|302|
221654|302|
221654|302|
221654|302|
221654|302|
221654|302|
160496|11586|
47562|3052|
47562|3052|
47562|3052|
8355|206|
8400|812|
8355|206|
8355|206|
8400|812|
8400|812|
294128|52|
6669|8|
294128|52|
6669|8|
90988|1|
90988|1|
7153|85|
145282|1920|
145282|1920|
145282|1920|
145282|1920|
150844|901|
150844|901|
|5692|
117530|2371|
117530|2371|
117530|2371|
35525|5|
117530|2371|
294128|52|
117530|2371|
117530|2371|
117530|2371|
117530|2371|
294128|52|
117530|2371|
117530|2371|
117530|2371|
1239313|4665|
117530|2371|
117530|2371|
117530|2371|
117530|2371|
117530|2371|
117530|2371|
|2921|
1239313|4665|
117530|2371|
117530|2371|
294128|52|
117530|2371|
117530|2371|
84645|202|
72446|572|
72446|572|
84645|202|
120843|5676|
683832|422|
84645|202|
84645|202|
72446|572|
683832|422|
84645|202|
683832|422|
683832|422|
84645|202|
8128|485|
72446|572|
683832|422|
72446|572|
72446|572|
120843|5676|
84645|202|
683832|422|
72446|572|
120843|5676|
120843|5676|
84645|202|
683832|422|
84645|202|
683832|422|
683832|422|
120843|5676|
72446|572|
72446|572|
8090|109|
90988|1|
90988|1|
8090|109|
8090|109|
8090|109|
8090|109|
8090|109|
90988|1|
7962|21|
7962|21|
7962|21|
7962|21|
7962|21|
329908|1052|
329908|1052|
329908|1052|
1351856|16413|
329908|1052|
329908|1052|
1351856|16413|
177945|16414|
329908|1052|
7153|85|
315576|964|
315576|964|
315576|964|
315576|964|
37750|15997|
85549|366|
85549|366|
85549|366|
8022|4|
136180|376|
52641|372|
136180|376|
7955|5156|
152158|1357|
152158|1357|
152158|1357|
8127|134|
8127|134|
8127|134|
195543|1186|
195543|1186|
195543|1186|
90988|1|
110441|142|
110441|142|
76340|1196|
76340|1196|
120995|1455|
120995|1455|
7955|5156|
117530|2371|
35525|5|
35525|5|
117530|2371|
90988|1|
90988|1|
90988|1|
85549|366|
85549|366|
85549|366|
35525|5|
90988|1|
6669|8|
400727|4733|
13106|2|
13106|2|
8022|4|
8022|4|
8022|4|
85549|366|
85549|366|
85549|366|
7955|5156|
|1618|
|212|
|212|
117530|2371|
35525|5|
35525|5|
117530|2371|
90988|1|
90988|1|
90988|1|
7176|397|
7176|397|
136180|376|
136180|376|
136180|376|
35525|5|
90988|1|
400727|4733|
400727|4733|
110441|142|
110441|142|
76340|1196|
76340|1196|
120995|1455|
120995|1455|
220131|16412|
|481|
|481|
|481|
|481|
|481|
|481|
|481|
|481|
|481|
|481|
|481|
|481|
7962|21|
33528|16|
33528|16|
33528|16|
33528|16|
33528|16|
7955|5156|
7955|5156|
7955|5156|
7955|5156|
7955|5156|
7955|5156|
7955|5156|
7955|5156|
8081|28|
8081|28|
8081|28|
8081|28|
6523|294|
6523|294|
6523|294|
6523|294|
33397|81|
6386|532|
2843|309|
136180|376|
8355|206|
8355|206|
8355|206|
117530|2371|
117530|2371|
117530|2371|
294128|52|
117530|2371|
117530|2371|
294128|52|
117530|2371|
117530|2371|
117530|2371|
294128|52|
117530|2371|
117530|2371|
117530|2371|
90988|1|
90988|1|
90988|1|
90988|1|
90988|1|
90988|1|
90988|1|
90988|1|
90988|1|
90988|1|
90988|1|
90988|1|
7153|85|
7153|85|
7153|85|
6661|3004|
35525|5|
35525|5|
400727|4733|
8406|9943|
35525|5|
79674|648|
79674|648|
79674|648|
79674|648|
79674|648|
79674|648|
79674|648|
79674|648|
8090|109|
8090|109|
8355|206|
8355|206|
8355|206|
8355|206|
8355|206|
8355|206|
8355|206|
8355|206|
8355|206|
7955|5156|
33397|81|
400727|4733|
6386|532|
47528|480|
47528|480|
47528|480|
47528|480|
|10299|
8090|109|
8090|109|
8022|4|
8355|206|
8355|206|
35525|5|
35525|5|
|10299|
6661|3004|
35525|5|
6661|3004|
35525|5|
312086|10537|
312086|10537|
35525|5|
35525|5|
13106|2|
90988|1|
35525|5|
90988|1|
90988|1|
6386|532|
6386|532|
6386|532|
35525|5|
35525|5|
35525|5|
35525|5|
86242|4753|
86242|4753|
86242|4753|
86242|4753|
86242|4753|
86242|4753|
35525|5|
90988|1|
90988|1|
35525|5|
90988|1|
8356|1492|
8356|1492|
8356|1492|
8356|1492|
8356|1492|
8356|1492|
8356|1492|
8356|1492|
8356|1492|
35525|5|
35525|5|
35525|5|
35525|5|
90988|1|
90988|1|
90988|1|
90988|1|
90988|1|
90988|1|
90988|1|
90988|1|
8022|4|
8022|4|
8022|4|
8022|4|
8022|4|
8022|4|
8022|4|
8022|4|
79674|648|
79674|648|
79674|648|
79674|648|
79674|648|
79674|648|
79674|648|
79674|648|
79674|648|
79674|648|
79674|648|
79674|648|
79674|648|
79674|648|
79674|648|
79674|648|
79674|648|
79674|648|
79674|648|
79674|648|
79674|648|
79674|648|
79674|648|
79674|648|
79674|648|
79674|648|
79674|648|
79674|648|
79674|648|
79674|648|
79674|648|
79674|648|
110441|142|
269057|341|
28743|86|
304456|418|
1522908|5900|
1080760|4701|
221654|302|
221654|302|
221654|302|
221654|302|
1450415|4619|
221654|302|
1239313|4665|
221654|302|
7998|20|
13106|2|
8022|4|
45954|218|
8435|10315|
8400|812|
1002737|10321|
643729|452|
37273|4393|
55729|2441|
129831|10320|
283755|10313|
34903|4506|
90988|1|
35525|5|
35525|5|
136180|376|
|2921|
|2921|
35525|5|
371472|1342|
294128|52|
|2921|
136180|376|
195632|1094|
195632|1094|
195632|1094|
195632|1094|
195632|1094|
195632|1094|
195632|1094|
195632|1094|
197159|530|
315576|964|
39298|10544|
39298|10544|
6550|208|
516002|6025|
516002|6025|
516002|6025|
1179|1476|
1179|1476|
1179|1476|
1179|1476|
1522908|5900|
1080760|4701|
272819|4707|
272819|4707|
272819|4707|
59899|113|
67554|5363|
67554|5363|
7957|25|
|1847|
315576|964|
90988|1|
90988|1|
7962|21|
7962|21|
7962|21|
7962|21|
6850|389|
6850|389|
6850|389|
6850|389|
6850|389|
6850|389|
8090|109|
8090|109|
8355|206|
8355|206|
8081|28|
8081|28|
8081|28|
8081|28|
6523|294|
6523|294|
6523|294|
6523|294|
8090|109|
8090|109|
8078|57|
33397|81|
6386|532|
|11733|
|11733|
|11733|
|11733|
8355|206|
661413|19230|
35528|2055|
42612|19343|
8128|485|
30751|5593|
42612|19343|
30751|5593|
8128|485|
47528|480|
47528|480|
47528|480|
47528|480|
8389|765|
8404|358|
8389|765|
8389|765|
8404|358|
8404|358|
8389|765|
8404|358|
1080760|4701|
1522908|5900|
272819|4707|
272819|4707|
272819|4707|
7998|20|
7955|5156|
7998|20|
8022|4|
8022|4|
|5670|
481685|17167|
489481|27812|
7998|20|
13106|2|
8022|4|
45954|218|
8049|661|
8049|661|
6726|629|
6726|629|
13106|2|
7998|20|
7998|20|
13106|2|
8090|109|
8090|109|
8090|109|
8090|109|
1522908|5900|
1080760|4701|
7936|574|
104777|1747|
8090|109|
8090|109|
7904|2517|
7904|2517|
93621|352|
304456|418|
8355|206|
8355|206|
8355|206|
110441|142|
110441|142|
110441|142|
110441|142|
90988|1|
90988|1|
90988|1|
90988|1|
55832|667|
55832|667|
55832|667|
55832|667|
1871349|1480|
8355|206|
8355|206|
|11921|
|11921|
6661|3004|
159741|1460|
159741|1460|
|11921|
6663|10938|
159741|1460|
6660|421|
6660|421|
|11921|
159741|1460|
223650|1577|
85549|366|
|11921|
159741|1460|
85549|366|
159741|1460|
6660|421|
6661|3004|
6663|10938|
6660|421|
223650|1577|
159741|1460|
159741|1460|
6661|3004|
159741|1460|
159741|1460|
|11921|
|17743|
159741|1460|
85549|366|
159741|1460|
6660|421|
6660|421|
223650|1577|
6660|421|
6660|421|
6660|421|
159741|1460|
85549|366|
6663|10938|
159741|1460|
117530|2371|
6669|8|
117530|2371|
117530|2371|
6669|8|
6669|8|
6669|8|
6669|8|
6669|8|
117530|2371|
6669|8|
6669|8|
6669|8|
117530|2371|
6669|8|
6669|8|
117530|2371|
6669|8|
117530|2371|
35525|5|
117530|2371|
117530|2371|
35525|5|
6669|8|
6669|8|
117530|2371|
117530|2371|
117530|2371|
117530|2371|
294128|52|
117530|2371|
117530|2371|
6669|8|
6669|8|
117530|2371|
117530|2371|
117530|2371|
93621|352|
72446|572|
136835|15658|
683832|422|
683832|422|
72446|572|
72446|572|
84645|202|
84645|202|
683832|422|
84645|202|
84645|202|
683832|422|
84645|202|
72446|572|
8128|485|
33528|16|
683832|422|
72446|572|
72446|572|
72446|572|
72446|572|
84645|202|
84645|202|
33528|16|
683832|422|
72446|572|
8128|485|
33528|16|
683832|422|
33528|16|
84645|202|
84645|202|
683832|422|
8128|485|
8128|485|
33528|16|
136835|15658|
8090|109|
7998|20|
90988|1|
8090|109|
8090|109|
90988|1|
90988|1|
7176|397|
280216|17256|
7175|210|
7175|210|
489481|27812|
481685|17167|
7166|1065|
|1049|
280216|17256|
|1847|
|5670|
7176|397|
7159|230|
7159|230|
7159|230|
7159|230|
7153|85|
7159|230|
7159|230|
7159|230|
7159|230|
7159|230|
33397|81|
6386|532|
69811|146|
8022|4|
8022|4|
8022|4|
8022|4|
52383|5940|
52383|5940|
8090|109|
145282|1920|
33528|16|
33528|16|
160495|11601|
7176|397|
7176|397|
7166|1065|
37951|1595|
|1579|
7175|210|
7176|397|
7176|397|
53527|1042|
53527|1042|
7175|210|
7176|397|
7175|210|
7175|210|
|1049|
7175|210|
7176|397|
7175|210|
7176|397|
7159|230|
7159|230|
7159|230|
7159|230|
7159|230|
7159|230|
7159|230|
7159|230|
7159|230|
7159|230|
7159|230|
7159|230|
7159|230|
7904|2517|
7904|2517|
35525|5|
90988|1|
13106|2|
13106|2|
13106|2|
13106|2|
90988|1|
90988|1|
90988|1|
90988|1|
|2265|
|2265|
117530|2371|
90988|1|
400727|4733|
315576|964|
|5692|
13106|2|
13106|2|
8022|4|
8022|4|
400727|4733|
670103|19227|
|4676|
|4676|
|4676|
35525|5|
|4676|
13106|2|
13106|2|
8022|4|
8022|4|
90988|1|
7176|397|
|2422|
7176|397|
7159|230|
35525|5|
33397|81|
33397|81|
33397|81|
6386|532|
6386|532|
6386|532|
35525|5|
90988|1|
13106|2|
13106|2|
8022|4|
8022|4|
8022|4|
47562|3052|
47562|3052|
160496|11586|
47562|3052|
8384|1091|
8384|1091|
47562|3052|
8355|206|
8355|206|
8355|206|
8355|206|
33397|81|
33397|81|
6386|532|
6386|532|
64144|351|
64144|351|
64144|351|
64144|351|
7962|21|
8022|4|
|4633|
294128|52|
35525|5|
110441|142|
117530|2371|
90988|1|
90988|1|
195632|1094|
8019|23|
8019|23|
8019|23|
8019|23|
8019|23|
8019|23|
8019|23|
8019|23|
8019|23|
8019|23|
8022|4|
8022|4|
8022|4|
8022|4|
7904|2517|
7904|2517|
7904|2517|
7904|2517|
244977|592|
6669|8|
8081|28|
6761|2461|
6761|2461|
6761|2461|
6669|8|
84645|202|
84645|202|
84645|202|
84645|202|
84645|202|
84645|202|
84645|202|
84645|202|
84645|202|
84645|202|
84645|202|
84645|202|
8081|28|
7159|230|
93621|352|
33528|2298|
33528|2298|
33528|2298|
33528|2298|
33528|2298|
33528|2298|
33528|2298|
33528|2298|
33528|2298|
77658|11871|
121148|2890|
294128|52|
294128|52|
6669|8|
294128|52|
294128|52|
294128|52|
294128|52|
294128|52|
294128|52|
294128|52|
294128|52|
294128|52|
294128|52|
294128|52|
294128|52|
451738|2418|
8081|28|
7962|21|
7159|230|
30335|1146|
30335|1146|
30335|1146|
645159|730|
1213214|16102|
491807|16103|
1213208|16104|
6715|1669|
6715|1669|
6715|1669|
6715|1669|
293655|2389|
294128|52|
294128|52|
117530|2371|
117530|2371|
294128|52|
294128|52|
294128|52|
1042268|4612|
117530|2371|
117530|2371|
117530|2371|
117530|2371|
117530|2371|
117530|2371|
117530|2371|
117530|2371|
117530|2371|
117530|2371|
117530|2371|
117530|2371|
6669|8|
117530|2371|
117530|2371|
117530|2371|
117530|2371|
117530|2371|
117530|2371|
117530|2371|
117530|2371|
117530|2371|
117530|2371|
117530|2371|
117530|2371|
117530|2371|
117530|2371|
117530|2371|
117530|2371|
117530|2371|
117530|2371|
117530|2371|
117530|2371|
117530|2371|
117530|2371|
117530|2371|
117530|2371|
117530|2371|
117530|2371|
117530|2371|
117530|2371|
117530|2371|
117530|2371|
117530|2371|
117530|2371|
117530|2371|
117530|2371|
117530|2371|
294128|52|
117530|2371|
294128|52|
294128|52|
294128|52|
294128|52|
117530|2371|
117530|2371|
117530|2371|
117530|2371|
117530|2371|
117530|2371|
117530|2371|
117530|2371|
117530|2371|
117530|2371|
35525|5|
117530|2371|
117530|2371|
294128|52|
294128|52|
294128|52|
294128|52|
294128|52|
117530|2371|
294128|52|
294128|52|
294128|52|
304456|418|
304456|418|
304456|418|
8127|134|
304456|418|
|2789|
304456|418|
33528|2298|
8128|485|
33528|2298|
33528|2298|
86242|4753|
33528|2298|
33528|2298|
33528|2298|
304456|418|
8128|485|
451738|2418|
|2789|
33528|2298|
8128|485|
8127|134|
33528|2298|
|2789|
304456|418|
304456|418|
|2789|
8127|134|
|2789|
50796|2938|
33528|2298|
90988|1|
90988|1|
90988|1|
90988|1|
90988|1|
8081|28|
90988|1|
90988|1|
90988|1|
90988|1|
7962|21|
7962|21|
|18379|
|18379|
|18379|
1213208|16104|
1213214|16102|
491807|16103|
240814|20418|
240814|20418|
240814|20418|
120568|1671|
|1787|
|1787|
120568|1671|
294128|52|
294128|52|
294128|52|
294128|52|
294128|52|
294128|52|
294128|52|
294128|52|
294128|52|
294128|52|
294128|52|
294128|52|
294128|52|
35525|5|
294128|52|
294128|52|
294128|52|
1042268|4612|
294128|52|
294128|52|
451738|2418|
451738|2418|
451738|2418|
33528|2298|
451738|2418|
33528|2298|
33528|2298|
451738|2418|
8127|134|
451738|2418|
33528|2298|
33528|2298|
451738|2418|
451738|2418|
33528|2298|
33528|2298|
451738|2418|
33528|2298|
451738|2418|
33528|2298|
451738|2418|
451738|2418|
451738|2418|
8127|134|
451738|2418|
7962|21|
7962|21|
|18268|
|1787|
|18268|
|18268|
|1787|
|18268|
|1787|
120568|1671|
|1787|
120568|1671|
120568|1671|
120568|1671|
|1787|
120568|1671|
35525|5|
93621|352|
50796|2938|
35525|5|
90988|1|
90988|1|
8022|4|
8022|4|
8022|4|
3077|479|
3077|479|
3077|479|
160621|2283|
160621|2283|
3077|479|
38577|1194|
38577|1194|
38577|1194|
38577|1194|
38577|1194|
38577|1194|
38577|1194|
338212|732|
338212|732|
338212|732|
645159|730|
338212|732|
338212|732|
645159|730|
338212|732|
645159|730|
338212|732|
6707|582|
338212|732|
338212|732|
99391|16419|
645159|730|
6669|8|
371471|7687|
371471|7687|
371471|7687|
88015|649|
371471|7687|
88015|649|
371471|7687|
8128|485|
8130|2495|
13489|365|
74940|22|
74940|22|
74940|22|
74940|22|
74940|22|
74940|22|
74940|22|
74940|22|
74940|22|
74940|22|
74940|22|
74940|22|
74940|22|
74940|22|
74940|22|
74940|22|
74940|22|
74940|22|
74940|22|
74940|22|
74940|22|
74940|22|
74940|22|
74940|22|
74940|22|
74940|22|
74940|22|
74940|22|
74940|22|
74940|22|
74940|22|
74940|22|
74940|22|
74940|22|
74940|22|
74940|22|
74940|22|
74940|22|
74940|22|
74940|22|
74940|22|
74940|22|
74940|22|
74940|22|
74940|22|
74940|22|
74940|22|
74940|22|
74940|22|
74940|22|
74940|22|
74940|22|
74940|22|
74940|22|
74940|22|
74940|22|
74940|22|
74940|22|
74940|22|
74940|22|
74940|22|
74940|22|
74940|22|
74940|22|
74940|22|
74940|22|
74940|22|
74940|22|
74940|22|
74940|22|
74940|22|
74940|22|
74940|22|
74940|22|
74940|22|
74940|22|
74940|22|
74940|22|
74940|22|
74940|22|
74940|22|
74940|22|
74940|22|
74940|22|
74940|22|
74940|22|
74940|22|
74940|22|
74940|22|
74940|22|
74940|22|
74940|22|
74940|22|
74940|22|
74940|22|
74940|22|
74940|22|
74940|22|
74940|22|
74940|22|
74940|22|
8022|4|
8022|4|
8022|4|
8022|4|
8022|4|
8022|4|
8022|4|
8022|4|
8022|4|
8022|4|
8022|4|
8022|4|
8022|4|
8022|4|
8022|4|
8022|4|
8022|4|
8022|4|
8022|4|
8022|4|
8022|4|
8022|4|
8022|4|
8022|4|
8022|4|
8022|4|
8022|4|
8022|4|
8022|4|
8022|4|
8022|4|
8022|4|
8022|4|
8022|4|
8022|4|
8022|4|
8022|4|
8022|4|
8022|4|
8022|4|
8022|4|
8022|4|
8022|4|
8022|4|
8022|4|
8022|4|
8022|4|
8022|4|
8022|4|
8022|4|
8022|4|
8022|4|
8022|4|
8022|4|
8022|4|
8022|4|
8022|4|
8022|4|
8022|4|
8022|4|
8022|4|
8022|4|
8022|4|
8022|4|
8022|4|
8022|4|
8022|4|
8022|4|
8022|4|
8022|4|
8022|4|
8022|4|
8022|4|
8022|4|
8022|4|
8022|4|
8022|4|
8022|4|
8022|4|
8022|4|
8022|4|
8022|4|
8022|4|
8022|4|
8022|4|
8022|4|
8022|4|
8022|4|
8022|4|
8022|4|
8022|4|
8022|4|
8022|4|
8022|4|
8022|4|
8022|4|
8022|4|
8022|4|
8022|4|
8022|4|
8022|4|
8022|4|
8022|4|
8022|4|
8022|4|
8022|4|
8022|4|
8022|4|
8022|4|
8022|4|
8022|4|
8022|4|
8022|4|
8022|4|
8022|4|
8022|4|
8022|4|
8022|4|
8022|4|
8022|4|
8022|4|
8022|4|
8022|4|
8022|4|
8022|4|
8022|4|
8022|4|
8022|4|
8022|4|
8022|4|
8022|4|
8022|4|
8022|4|
8022|4|
8022|4|
8022|4|
8022|4|
8022|4|
8022|4|
8022|4|
8022|4|
8022|4|
8022|4|
8022|4|
8022|4|
8022|4|
8022|4|
8022|4|
8022|4|
8022|4|
8022|4|
8022|4|
8022|4|
8022|4|
8022|4|
8022|4|
8022|4|
8022|4|
8022|4|
8022|4|
8022|4|
8022|4|
8022|4|
8022|4|
8022|4|
8022|4|
8022|4|
8022|4|
8022|4|
8022|4|
8022|4|
8022|4|
8022|4|
8022|4|
8022|4|
8022|4|
8022|4|
8022|4|
8022|4|
8022|4|
8022|4|
8022|4|
8022|4|
8022|4|
8022|4|
8022|4|
8022|4|
8022|4|
8022|4|
8022|4|
8022|4|
8022|4|
8022|4|
8022|4|
8022|4|
8022|4|
8022|4|
8022|4|
8022|4|
8022|4|
8022|4|
8022|4|
8022|4|
8022|4|
8022|4|
8022|4|
8022|4|
8022|4|
8022|4|
8022|4|
8022|4|
8022|4|
329908|1052|
1351856|16413|
1351856|16413|
329908|1052|
177945|16414|
|20266|
329908|1052|
160652|3011|
160652|3011|
104777|1747|
104777|1747|
45954|218|
45954|218|
45954|218|
45954|218|
45954|218|
45954|218|
6239|4550|
6239|4550|
245077|152|
715333|18761|
92525|609|
938113|1803|
|31237|
415614|16769|
1606834|18762|
1112808|31238|
516365|6054|
110441|142|
294128|52|
294128|52|
110441|142|
110441|142|
294128|52|
110441|142|
35525|5|
117530|2371|
35525|5|
294128|52|
294128|52|
294128|52|
294128|52|
294128|52|
110441|142|
294128|52|
294128|52|
294128|52|
294128|52|
117530|2371|
90988|1|
28743|86|
28743|86|
269057|341|
28743|86|
269057|341|
269057|341|
28743|86|
269057|341|
269057|341|
28743|86|
90988|1|
90988|1|
315576|964|
|31239|
|31236|
378425|17069|
326718|5766|
6239|4550|
6239|4550|
6239|4550|
6239|4550|
6239|4550|
6239|4550|
6239|4550|
6239|4550|
6239|4550|
90988|1|
90988|1|
117530|2371|
35525|5|
117530|2371|
35525|5|
90988|1|
90988|1|
90988|1|
160621|2283|
160621|2283|
338212|732|
338212|732|
6761|2461|
338212|732|
1522908|5900|
338212|732|
338212|732|
1080760|4701|
338212|732|
338212|732|
338212|732|
338212|732|
1240730|16360|
304456|418|
50796|2938|
1240730|16360|
1240730|16360|
160765|16358|
160765|16358|
1240730|16360|
1664192|2820|
160765|16358|
160765|16358|
7962|21|
170859|4810|
154827|2617|
154827|2617|
232998|2599|
232998|2599|
170859|4810|
|11062|
37688|10300|
160652|3011|
160652|3011|
37688|10300|
402028|5531|
104777|1747|
104777|1747|
104777|1747|
104777|1747|
104777|1747|
104777|1747|
104777|1747|
104777|1747|
104777|1747|
508942|11743|
70226|5587|
70226|5587|
70226|5587|
70226|5587|
70226|5587|
70226|5587|
70226|5587|
70226|5587|
70226|5587|
70226|5587|
70226|5587|
70226|5587|
70226|5587|
70226|5587|
6162|18595|
6386|532|
6386|532|
6239|4550|
6386|532|
35525|5|
117530|2371|
117530|2371|
117530|2371|
117530|2371|
117530|2371|
117530|2371|
117530|2371|
35525|5|
35525|5|
35525|5|
35525|5|
35525|5|
35525|5|
35525|5|
35525|5|
35525|5|
35525|5|
35525|5|
90988|1|
90988|1|
90988|1|
90988|1|
90988|1|
90988|1|
90988|1|
522486|2605|
522486|2605|
522486|2605|
522486|2605|
|10723|
|10723|
54968|4877|
54968|4877|
54968|4877|
|10723|
|10723|
54968|4877|
|10723|
54968|4877|
|10723|
|10723|
|10723|
|10723|
|10723|
54968|4877|
54968|4877|
|10723|
54968|4877|
54968|4877|
|10723|
54968|4877|
|10723|
54968|4877|
54968|4877|
54968|4877|
54968|4877|
54968|4877|
54968|4877|
|10723|
54968|4877|
|10723|
|10723|
54968|4877|
|10723|
|10723|
|10723|
|10723|
|10723|
54968|4877|
|10723|
54968|4877|
54968|4877|
54968|4877|
54968|4877|
|10723|
7152|122|
7152|122|
7152|122|
7152|122|
7152|122|
7152|122|
7152|122|
7152|122|
7152|122|
7152|122|
7152|122|
7152|122|
7152|122|
7152|122|
7152|122|
7152|122|
7152|122|
7152|122|
7152|122|
7152|122|
7152|122|
7152|122|
7152|122|
35525|5|
522486|2605|
522486|2605|
522486|2605|
522486|2605|
47562|3052|
160496|11586|
47562|3052|
47562|3052|
47562|3052|
8355|206|
8355|206|
8355|206|
8355|206|
117530|2371|
35525|5|
35525|5|
117530|2371|
35525|5|
90988|1|
90988|1|
90988|1|
8022|4|
8022|4|
8022|4|
8022|4|
64468|77|
8022|4|
8022|4|
8022|4|
8022|4|
37688|10300|
37688|10300|
2056173|1053|
2056173|1053|
2056173|1053|
2056173|1053|
2056173|1053|
2056173|1053|
2056173|1053|
2056173|1053|
8022|4|
8022|4|
338212|732|
338212|732|
1436025|18545|
1522908|5900|
338212|732|
|1667|
1436025|18545|
338212|732|
96875|1666|
338212|732|
338212|732|
1080760|4701|
52641|372|
117530|2371|
35525|5|
117530|2371|
110441|142|
35525|5|
64468|77|
110441|142|
110441|142|
117530|2371|
64468|77|
35525|5|
110441|142|
35525|5|
117530|2371|
64468|77|
110441|142|
110441|142|
110441|142|
110441|142|
117530|2371|
120844|5416|
30751|5593|
30751|5593|
30751|5593|
30751|5593|
30751|5593|
30751|5593|
30751|5593|
30751|5593|
30751|5593|
30751|5593|
30751|5593|
30751|5593|
30751|5593|
30751|5593|
30751|5593|
120844|5416|
30751|5593|
30751|5593|
93621|352|
30751|5593|
30751|5593|
93621|352|
30751|5593|
30751|5593|
120844|5416|
30751|5593|
120844|5416|
30751|5593|
30751|5593|
8081|28|
28743|86|
90988|1|
8081|28|
90988|1|
90988|1|
8022|4|
8022|4|
8022|4|
8022|4|
8022|4|
8022|4|
8022|4|
8022|4|
8022|4|
8022|4|
8022|4|
8022|4|
8022|4|
8022|4|
8022|4|
8022|4|
8022|4|
8022|4|
8022|4|
8022|4|
8022|4|
8022|4|
8022|4|
8022|4|
8022|4|
8022|4|
8022|4|
8022|4|
8022|4|
8022|4|
8022|4|
8022|4|
8022|4|
8022|4|
8022|4|
8022|4|
8022|4|
8022|4|
8022|4|
8022|4|
8022|4|
8022|4|
8022|4|
8022|4|
8022|4|
8022|4|
8022|4|
8022|4|
8022|4|
8022|4|
8022|4|
8022|4|
8022|4|
8022|4|
8022|4|
8022|4|
8022|4|
8022|4|
8022|4|
8022|4|
8022|4|
8022|4|
8022|4|
8022|4|
8022|4|
8022|4|
8022|4|
8022|4|
8022|4|
8022|4|
8022|4|
8022|4|
8022|4|
8022|4|
8022|4|
8022|4|
8022|4|
8022|4|
8022|4|
8022|4|
8022|4|
8022|4|
8022|4|
8022|4|
8022|4|
8022|4|
8022|4|
8022|4|
8022|4|
8022|4|
8022|4|
8022|4|
8022|4|
8022|4|
8022|4|
8022|4|
8022|4|
8022|4|
8022|4|
8022|4|
8022|4|
8022|4|
8022|4|
8022|4|
8022|4|
8022|4|
8022|4|
8022|4|
8022|4|
8022|4|
8022|4|
8022|4|
8022|4|
8022|4|
8022|4|
8022|4|
8022|4|
8022|4|
8022|4|
8022|4|
8022|4|
8022|4|
8022|4|
8022|4|
8022|4|
8022|4|
8022|4|
8022|4|
8022|4|
8022|4|
8022|4|
8022|4|
8022|4|
8022|4|
8022|4|
8022|4|
8022|4|
8022|4|
8022|4|
8022|4|
8022|4|
8022|4|
8022|4|
8022|4|
8022|4|
8022|4|
8022|4|
8022|4|
8022|4|
8022|4|
8022|4|
8022|4|
8022|4|
8022|4|
8022|4|
8022|4|
8022|4|
8022|4|
8022|4|
8022|4|
8022|4|
8022|4|
8022|4|
8022|4|
8022|4|
8022|4|
8022|4|
8022|4|
8022|4|
8022|4|
8022|4|
8022|4|
8022|4|
8022|4|
8022|4|
8022|4|
8022|4|
8022|4|
8022|4|
8022|4|
8022|4|
8022|4|
8022|4|
8022|4|
8022|4|
8022|4|
8022|4|
8022|4|
8022|4|
8022|4|
8022|4|
8022|4|
8022|4|
8022|4|
8022|4|
8022|4|
8022|4|
8022|4|
8022|4|
8022|4|
8022|4|
8022|4|
8022|4|
8022|4|
8022|4|
8022|4|
8022|4|
8022|4|
8022|4|
8022|4|
8022|4|
8022|4|
8022|4|
8022|4|
8022|4|
8022|4|
8022|4|
8022|4|
8022|4|
8022|4|
8022|4|
8022|4|
8022|4|
8022|4|
8022|4|
8022|4|
8022|4|
8022|4|
8022|4|
8022|4|
8022|4|
8022|4|
8022|4|
8022|4|
8022|4|
8022|4|
8022|4|
8022|4|
8022|4|
8022|4|
8022|4|
8022|4|
8022|4|
8022|4|
8022|4|
8022|4|
8022|4|
8022|4|
8022|4|
8022|4|
8022|4|
8022|4|
8022|4|
8022|4|
8022|4|
8022|4|
8022|4|
8022|4|
8022|4|
8022|4|
8022|4|
8022|4|
8022|4|
8022|4|
8022|4|
8022|4|
8022|4|
8022|4|
8022|4|
8022|4|
8022|4|
8022|4|
8022|4|
8022|4|
8022|4|
8022|4|
8022|4|
8022|4|
8022|4|
8022|4|
8022|4|
8022|4|
8022|4|
8022|4|
8022|4|
8022|4|
8022|4|
8022|4|
8022|4|
8022|4|
8022|4|
8022|4|
8022|4|
8022|4|
8022|4|
8022|4|
8022|4|
8022|4|
8022|4|
8022|4|
8022|4|
8022|4|
8022|4|
8022|4|
8022|4|
8022|4|
8022|4|
8022|4|
8022|4|
8022|4|
8022|4|
8022|4|
8022|4|
8022|4|
8022|4|
8022|4|
8022|4|
8022|4|
8022|4|
8022|4|
8022|4|
8022|4|
8022|4|
8022|4|
8022|4|
8022|4|
8022|4|
8022|4|
8022|4|
8022|4|
8022|4|
8022|4|
8022|4|
8022|4|
8022|4|
8022|4|
8022|4|
8022|4|
8022|4|
8022|4|
8022|4|
8022|4|
8022|4|
8022|4|
8022|4|
8022|4|
8022|4|
8022|4|
8022|4|
8022|4|
8022|4|
8022|4|
8022|4|
8022|4|
8022|4|
8022|4|
8022|4|
8022|4|
8022|4|
8022|4|
8022|4|
8022|4|
8022|4|
8022|4|
8022|4|
8022|4|
8022|4|
8022|4|
8022|4|
8022|4|
8022|4|
8022|4|
8022|4|
8022|4|
8022|4|
8022|4|
8022|4|
8022|4|
8022|4|
8022|4|
8022|4|
8022|4|
8022|4|
8022|4|
8022|4|
8022|4|
8022|4|
8022|4|
8022|4|
8022|4|
8022|4|
8022|4|
8022|4|
8022|4|
8022|4|
8022|4|
8022|4|
8037|16179|
8037|16179|
8037|16179|
8037|16179|
8037|16179|
8037|16179|
8037|16179|
8037|16179|
315576|964|
6087|2807|
6082|4660|
104777|1747|
104777|1747|
326718|5766|
301905|6041|
378425|17069|
193532|17068|
126592|4567|
126592|4567|
126592|4567|
126592|4567|
6239|4550|
6239|4550|
35525|5|
35525|5|
35525|5|
117530|2371|
117530|2371|
90988|1|
90988|1|
90988|1|
90988|1|
90988|1|
328963|5968|
6239|4550|
6239|4550|
6239|4550|
6239|4550|
6239|4550|
6239|4550|
6239|4550|
6239|4550|
6239|4550|
35525|5|
110441|142|
35525|5|
269057|341|
|6040|
35525|5|
294128|52|
294128|52|
451738|2418|
425479|2761|
425479|2761|
425479|2761|
425479|2761|
90988|1|
90988|1|
90988|1|
90988|1|
90988|1|
90988|1|
90988|1|
90988|1|
90988|1|
90988|1|
90988|1|
90988|1|
90988|1|
90988|1|
7153|85|
7153|85|
301905|6041|
52383|5940|
52383|5940|
52383|5940|
61662|640|
61662|640|
3077|479|
3077|479|
3077|479|
304456|418|
301905|6041|
301905|6041|
301905|6041|
301905|6041|
96915|6108|
52383|5940|
|17070|
6661|3004|
110441|142|
35525|5|
110441|142|
35525|5|
294128|52|
294128|52|
28800|112|
28800|112|
269057|341|
269057|341|
8022|4|
8022|4|
7176|397|
7176|397|
|1847|
38577|1194|
38577|1194|
38577|1194|
38577|1194|
38577|1194|
38577|1194|
38577|1194|
35525|5|
210825|11842|
6009|11830|
|11844|
5928|2114|
|11850|
74790|431|
|11840|
402028|5531|
413472|4422|
5927|11247|
122938|1045|
5885|1165|
301905|6041|
326718|5766|
378425|17069|
52383|5940|
52383|5940|
193532|17068|
6239|4550|
30962|34|
30962|34|
30962|34|
30962|34|
30962|34|
30962|34|
7998|20|
7998|20|
7998|20|
13106|2|
7998|20|
7998|20|
13106|2|
13106|2|
13106|2|
7998|20|
13106|2|
7998|20|
13106|2|
7998|20|
13106|2|
7998|20|
7998|20|
13106|2|
13106|2|
13106|2|
13106|2|
13106|2|
13106|2|
7998|20|
7998|20|
13106|2|
13106|2|
7998|20|
7998|20|
7998|20|
7998|20|
13106|2|
8022|4|
8022|4|
8022|4|
8022|4|
8022|4|
8022|4|
8022|4|
8022|4|
8022|4|
8022|4|
8022|4|
8022|4|
8022|4|
8022|4|
8022|4|
8022|4|
8022|4|
8022|4|
8022|4|
8022|4|
8022|4|
8022|4|
103373|368|
|18597|
|3031|
|18597|
82763|1070|
373433|18732|
82763|1070|
71413|16395|
|18597|
|1009|
82763|1070|
|3031|
|3031|
|17323|
373433|18732|
6761|2461|
32277|18738|
|3031|
220131|16412|
|3031|
|1676|
32277|18738|
|4771|
|3031|
371472|1342|
35525|5|
35525|5|
294128|52|
35525|5|
35525|5|
35525|5|
272819|4707|
35525|5|
371472|1342|
52641|372|
35525|5|
52641|372|
52641|372|
52641|372|
52641|372|
35525|5|
35525|5|
35525|5|
35525|5|
117530|2371|
35525|5|
52641|372|
35525|5|
52641|372|
35525|5|
52641|372|
35525|5|
568895|5175|
48668|42|
30962|34|
58325|45|
568895|5175|
69236|2358|
30962|34|
522486|2605|
69236|2358|
568895|5175|
522486|2605|
150287|18731|
568895|5175|
69236|2358|
568895|5175|
58325|45|
58325|45|
568895|5175|
598664|16310|
58325|45|
568895|5175|
69236|2358|
48668|42|
13013|2079|
30962|34|
48668|42|
69236|2358|
69236|2358|
304456|418|
568895|5175|
522486|2605|
48668|42|
568895|5175|
568895|5175|
522486|2605|
8038|3|
90988|1|
8168|44|
69293|97|
8081|28|
8038|3|
8168|44|
69293|97|
7955|5156|
8168|44|
8038|3|
8038|3|
90988|1|
8081|28|
69293|97|
8168|44|
69293|97|
90988|1|
8032|49|
8032|49|
8032|49|
8032|49|
8022|4|
8022|4|
8022|4|
8022|4|
8022|4|
8022|4|
154827|2617|
232998|2599|
154827|2617|
154827|2617|
154827|2617|
232998|2599|
232998|2599|
232998|2599|
33397|81|
6087|2807|
37688|10300|
6087|2807|
6087|2807|
6087|2807|
37688|10300|
1795458|18741|
6087|2807|
6087|2807|
6087|2807|
402028|5531|
6087|2807|
55650|18739|
6850|389|
6850|389|
6850|389|
6850|389|
6850|389|
6850|389|
6850|389|
6850|389|
6850|389|
146727|18734|
146727|18734|
|18733|
|18733|
508942|11743|
73031|586|
73031|586|
104702|18736|
6162|18595|
715333|18761|
1606834|18762|
245077|152|
|31236|
110441|142|
110441|142|
35525|5|
110441|142|
110441|142|
117530|2371|
294128|52|
294128|52|
35525|5|
117530|2371|
117530|2371|
35525|5|
117530|2371|
110441|142|
35525|5|
28743|86|
269057|341|
90988|1|
90988|1|
90988|1|
90988|1|
269057|341|
28743|86|
28743|86|
90988|1|
269057|341|
28743|86|
328963|5968|
6386|532|
6386|532|
6386|532|
35525|5|
90988|1|
90988|1|
6239|4550|
1662585|20435|
30325|31156|
30325|31156|
30325|31156|
30325|31156|
30325|31156|
30325|31156|
103373|368|
6687|252|
6687|252|
6687|252|
6687|252|
|11922|
338212|732|
|16365|
82763|1070|
|1009|
6687|252|
1436025|18545|
|17323|
373433|18732|
373433|18732|
82763|1070|
1169710|2997|
32277|18738|
|17323|
82763|1070|
6687|252|
6687|252|
32277|18738|
71413|16395|
6687|252|
1436025|18545|
|4771|
|17323|
|4771|
96875|1666|
|17323|
220131|16412|
|1667|
6761|2461|
35525|5|
294128|52|
35525|5|
52641|372|
35525|5|
294128|52|
117530|2371|
35525|5|
35525|5|
52641|372|
35525|5|
294128|52|
294128|52|
35525|5|
117530|2371|
35525|5|
35525|5|
294128|52|
35525|5|
35525|5|
35525|5|
52641|372|
35525|5|
52641|372|
117530|2371|
371472|1342|
35525|5|
371472|1342|
7962|1520|
8127|134|
304456|418|
1664192|2820|
568895|5175|
54333|16176|
8174|10953|
|11929|
8174|10953|
160765|16358|
160765|16358|
160765|16358|
160765|16358|
30751|5593|
54333|16176|
54333|16176|
30751|5593|
30962|34|
63165|20137|
86242|4753|
7962|1520|
7962|1520|
7910|2519|
7962|1520|
63165|20137|
7910|2519|
86242|4753|
568895|5175|
568895|5175|
568895|5175|
568895|5175|
7962|1520|
7910|2519|
69236|2358|
568895|5175|
8174|10953|
69236|2358|
7910|2519|
598664|16310|
34773|144|
36177|2516|
69236|2358|
8174|10953|
150287|18731|
522486|2605|
568895|5175|
7962|1520|
69236|2358|
30962|34|
1240730|16360|
1240730|16360|
1240730|16360|
1240730|16360|
568895|5175|
522486|2605|
86242|4753|
568895|5175|
8174|10953|
7962|1520|
7910|2519|
30751|5593|
54333|16176|
7962|1520|
54333|16176|
7962|1520|
54333|16176|
8174|10953|
522486|2605|
7962|1520|
7962|1520|
30962|34|
8127|134|
8127|134|
69236|2358|
7910|2519|
69236|2358|
8174|10953|
568895|5175|
7962|1520|
522486|2605|
8174|10953|
66718|4821|
90988|1|
90988|1|
8081|28|
90988|1|
7998|20|
90988|1|
90988|1|
28743|86|
90988|1|
66718|4821|
90988|1|
90988|1|
90988|1|
13106|2|
90988|1|
90988|1|
90988|1|
90988|1|
8038|3|
90988|1|
90988|1|
8081|28|
90988|1|
90988|1|
90988|1|
90988|1|
90988|1|
28743|86|
90988|1|
90988|1|
90988|1|
90988|1|
90988|1|
90988|1|
90988|1|
66718|4821|
8038|3|
8038|3|
90988|1|
90988|1|
90988|1|
8038|3|
8032|49|
8032|49|
7962|21|
7962|21|
8032|49|
7962|21|
8032|49|
7962|21|
7962|21|
8022|4|
8022|4|
8022|4|
8022|4|
8022|4|
8022|4|
154827|2617|
154827|2617|
72053|11611|
68464|16178|
157888|16177|
232998|2599|
157888|16177|
232998|2599|
157888|16177|
157888|16177|
232998|2599|
72053|11611|
232998|2599|
154827|2617|
323265|11784|
154827|2617|
154827|2617|
170859|4810|
170859|4810|
232998|2599|
154827|2617|
209197|11660|
154827|2617|
154827|2617|
7907|2514|
232998|2599|
68464|16178|
157888|16177|
232998|2599|
68464|16178|
154827|2617|
232998|2599|
232998|2599|
323265|11784|
154827|2617|
453929|11783|
68464|16178|
157888|16177|
72053|11611|
68464|16178|
68464|16178|
232998|2599|
209197|11660|
209197|11660|
154827|2617|
453929|11783|
170859|4810|
453929|11783|
232998|2599|
33397|81|
7153|85|
315576|964|
1795458|18741|
6087|2807|
37688|10300|
6087|2807|
55650|18739|
55650|18739|
6087|2807|
402028|5531|
6087|2807|
37688|10300|
6087|2807|
6087|2807|
6082|4660|
6087|2807|
6087|2807|
6087|2807|
104777|1747|
6850|389|
6850|389|
6850|389|
6850|389|
6850|389|
6850|389|
6850|389|
6850|389|
6850|389|
96919|4600|
326718|5766|
326718|5766|
326718|5766|
326718|5766|
96919|4600|
326718|5766|
301905|6041|
326718|5766|
96919|4600|
96919|4600|
326718|5766|
96932|7495|
326718|5766|
52398|6107|
326718|5766|
96919|4600|
326718|5766|
146727|18734|
378425|17069|
326718|5766|
96915|6108|
508942|11743|
|18733|
301905|6041|
175860|6079|
96915|6108|
96932|7495|
101409|5122|
378425|17069|
52398|6107|
326718|5766|
301905|6041|
326718|5766|
96919|4600|
96919|4600|
326718|5766|
326718|5766|
326718|5766|
52398|6107|
326718|5766|
326718|5766|
326718|5766|
96915|6108|
96919|4600|
52398|6107|
301905|6041|
326718|5766|
146727|18734|
96919|4600|
326718|5766|
301905|6041|
52398|6107|
96919|4600|
52398|6107|
301905|6041|
96932|7495|
326718|5766|
96919|4600|
326718|5766|
52393|5765|
96919|4600|
96919|4600|
96919|4600|
96919|4600|
52398|6107|
96915|6108|
96919|4600|
326718|5766|
|18733|
326718|5766|
326718|5766|
326718|5766|
301905|6041|
378425|17069|
301905|6041|
96919|4600|
52383|5940|
52383|5940|
52383|5940|
52383|5940|
52383|5940|
73031|586|
193532|17068|
57260|11596|
57260|11596|
167815|5163|
|16357|
|16357|
104702|18736|
104702|18736|
6162|18595|
6386|532|
6386|532|
6386|532|
1239313|4665|
35525|5|
35525|5|
35525|5|
35525|5|
35525|5|
117530|2371|
35525|5|
35525|5|
35525|5|
35525|5|
35525|5|
35525|5|
35525|5|
117530|2371|
294128|52|
35525|5|
35525|5|
35525|5|
35525|5|
35525|5|
1239313|4665|
35525|5|
35525|5|
117530|2371|
35525|5|
35525|5|
35525|5|
35525|5|
35525|5|
35525|5|
35525|5|
35525|5|
35525|5|
35525|5|
35525|5|
35525|5|
35525|5|
35525|5|
35525|5|
35525|5|
35525|5|
35525|5|
35525|5|
35525|5|
35525|5|
294128|52|
35525|5|
7936|574|
90988|1|
90988|1|
90988|1|
90988|1|
90988|1|
90988|1|
90988|1|
90988|1|
90988|1|
90988|1|
90988|1|
90988|1|
90988|1|
90988|1|
90988|1|
90988|1|
90988|1|
90988|1|
90988|1|
90988|1|
90988|1|
90988|1|
90988|1|
90988|1|
90988|1|
90988|1|
90988|1|
90988|1|
90988|1|
90988|1|
90988|1|
90988|1|
328410|1653|
90988|1|
90988|1|
90988|1|
90988|1|
90988|1|
90988|1|
90988|1|
90988|1|
90988|1|
90988|1|
90988|1|
90988|1|
90988|1|
90988|1|
328410|1653|
90988|1|
90988|1|
90988|1|
90988|1|
328410|1653|
90988|1|
90988|1|
90988|1|
90988|1|
90988|1|
90988|1|
90988|1|
90988|1|
90988|1|
90988|1|
90988|1|
90988|1|
328410|1653|
90988|1|
90988|1|
90988|1|
8022|4|
8022|4|
8022|4|
8022|4|
8022|4|
8022|4|
8022|4|
8022|4|
8022|4|
8022|4|
8022|4|
8022|4|
8022|4|
8022|4|
8022|4|
8022|4|
8022|4|
8022|4|
8022|4|
8022|4|
8022|4|
8022|4|
8022|4|
7153|85|
7153|85|
7153|85|
7153|85|
7153|85|
37688|10300|
37688|10300|
301905|6041|
301905|6041|
301905|6041|
301905|6041|
37688|10300|
37688|10300|
6386|532|
6386|532|
6386|532|
37688|10300|
37688|10300|
35525|5|
2056173|1053|
2056173|1053|
2056173|1053|
2056173|1053|
232998|2599|
232998|2599|
170859|4810|
154827|2617|
170859|4810|
154827|2617|
35525|5|
117530|2371|
35525|5|
117530|2371|
90988|1|
90988|1|
90988|1|
154827|2617|
232998|2599|
232998|2599|
154827|2617|
232998|2599|
154827|2617|
232998|2599|
154827|2617|
6386|532|
6386|532|
6386|532|
|10240|
|10240|
|10240|
|10240|
|10240|
1080760|4701|
|10240|
|10240|
|10240|
|10240|
2116170|887|
|10240|
|10240|
|10240|
|10240|
|10240|
1522908|5900|
|10240|
|10240|
6661|3004|
|11922|
|10240|
|10240|
35525|5|
|212|
136180|376|
69236|2358|
268476|7370|
69236|2358|
69236|2358|
59899|113|
69236|2358|
59899|113|
69236|2358|
69236|2358|
59899|113|
59899|113|
8081|28|
7955|5156|
7152|122|
7152|122|
7152|122|
7152|122|
7152|122|
7152|122|
7152|122|
7152|122|
7152|122|
7152|122|
7152|122|
7152|122|
7152|122|
7152|122|
7152|122|
7152|122|
7152|122|
7152|122|
7152|122|
7152|122|
7152|122|
7152|122|
7152|122|
7152|122|
7152|122|
7152|122|
7152|122|
7152|122|
7152|122|
7152|122|
7152|122|
7152|122|
7152|122|
7152|122|
7152|122|
7152|122|
37688|10300|
402028|5531|
37688|10300|
35525|5|
117530|2371|
35525|5|
117530|2371|
90988|1|
90988|1|
90988|1|
58176|10420|
58176|10420|
58176|10420|
58176|10420|
156983|11065|
47562|3052|
47562|3052|
47562|3052|
47562|3052|
8355|206|
8355|206|
8355|206|
8355|206|
683832|422|
683832|422|
683832|422|
683832|422|
683832|422|
683832|422|
683832|422|
683832|422|
|1444|
|1444|
|1444|
|1444|
195543|1186|
195543|1186|
195543|1186|
195543|1186|
93621|352|
35525|5|
294128|52|
35525|5|
117530|2371|
117530|2371|
294128|52|
238741|2208|
238741|2208|
238741|2208|
90988|1|
90988|1|
269057|341|
28743|86|
66718|4821|
28743|86|
28743|86|
328410|1653|
269057|341|
28743|86|
328410|1653|
28743|86|
28743|86|
7153|85|
7153|85|
3077|479|
3077|479|
3077|479|
272819|4707|
272819|4707|
272819|4707|
8355|206|
8355|206|
8355|206|
8355|206|
8355|206|
8355|206|
8355|206|
8355|206|
8355|206|
|10723|
|10723|
54968|4877|
|10723|
|10723|
|10723|
|10723|
|10723|
|10723|
54968|4877|
|10723|
|10723|
54968|4877|
54968|4877|
|10723|
|10723|
54968|4877|
|10723|
54968|4877|
54968|4877|
54968|4877|
54968|4877|
54968|4877|
54968|4877|
|10723|
|10723|
54968|4877|
54968|4877|
54968|4877|
54968|4877|
54968|4877|
54968|4877|
54968|4877|
|10723|
54968|4877|
|10723|
|10723|
|10723|
54968|4877|
|10723|
54968|4877|
54968|4877|
|10723|
|10723|
54968|4877|
|10723|
7152|122|
7152|122|
7152|122|
7152|122|
7152|122|
7152|122|
7152|122|
7152|122|
7152|122|
7152|122|
7152|122|
7152|122|
7152|122|
7152|122|
7152|122|
7152|122|
7152|122|
7152|122|
7152|122|
7152|122|
7152|122|
7152|122|
7152|122|
6386|532|
6386|532|
6386|532|
419506|436|
419506|436|
117530|2371|
110441|142|
110441|142|
35525|5|
110441|142|
35525|5|
117530|2371|
28743|86|
269057|341|
28743|86|
269057|341|
28743|86|
269057|341|
269057|341|
28743|86|
90988|1|
90988|1|
90988|1|
28743|86|
269057|341|
6239|4550|
59899|113|
8081|28|
8081|28|
7962|21|
37688|10300|
37688|10300|
6386|532|
6386|532|
6386|532|
6386|532|
6386|532|
6386|532|
32277|18738|
373433|18732|
373433|18732|
32277|18738|
13013|2079|
150287|18731|
150287|18731|
7955|5156|
55650|18739|
55650|18739|
1795458|18741|
1795458|18741|
146727|18734|
|18733|
146727|18734|
73031|586|
104702|18736|
6162|18595|
104702|18736|
8355|206|
8355|206|
8355|206|
8355|206|
8355|206|
8355|206|
8355|206|
8355|206|
8355|206|
110441|142|
30724|894|
139456|3044|
|3031|
|3031|
139456|3044|
|3031|
117983|16550|
101204|10767|
110441|142|
110441|142|
110441|142|
110441|142|
110441|142|
110441|142|
110441|142|
110441|142|
110441|142|
110441|142|
110441|142|
110441|142|
110441|142|
110441|142|
110441|142|
110441|142|
110441|142|
6689|11779|
6689|11779|
6689|11779|
6689|11779|
6689|11779|
6689|11779|
6689|11779|
6689|11779|
6689|11779|
6689|11779|
80970|16570|
238741|2208|
8255|1874|
80970|16570|
80970|16570|
80970|16570|
80970|16570|
80970|16570|
80970|16570|
80970|16570|
80970|16570|
45783|11034|
143350|4755|
80970|16570|
238741|2208|
238741|2208|
|5414|
269057|341|
269057|341|
269057|341|
269057|341|
269057|341|
269057|341|
269057|341|
269057|341|
269057|341|
269057|341|
269057|341|
269057|341|
269057|341|
7675|10765|
7675|10765|
7675|10765|
7675|10765|
7675|10765|
7675|10765|
7675|10765|
7675|10765|
7675|10765|
7675|10765|
7641|1793|
7641|1793|
7641|1793|
7641|1793|
7641|1793|
7641|1793|
7641|1793|
7641|1793|
7641|1793|
7641|1793|
31199|710|
|7421|
683832|422|
683832|422|
683832|422|
683832|422|
1188089|780|
603581|16092|
45948|923|
|6093|
45948|923|
248223|225|
177646|36|
45948|923|
45948|923|
|1640|
191797|697|
|1640|
8019|23|
8019|23|
8019|23|
8019|23|
8022|4|
8022|4|
8022|4|
8022|4|
145282|1920|
145282|1920|
145282|1920|
145282|1920|
8389|765|
8404|358|
334427|395|
334427|395|
334427|395|
334427|395|
334427|395|
334427|395|
334427|395|
1522908|5900|
1080760|4701|
681221|11774|
1221126|10532|
681221|11774|
8355|206|
8355|206|
8355|206|
8355|206|
136180|376|
35525|5|
35525|5|
35525|5|
2116170|887|
8127|134|
8127|134|
8032|49|
8032|49|
8030|68|
8030|68|
8030|68|
8355|206|
8355|206|
8355|206|
8355|206|
8355|206|
8355|206|
8355|206|
8355|206|
8355|206|
522486|2605|
522486|2605|
522486|2605|
522486|2605|
37688|10300|
37688|10300|
419506|436|
419506|436|
117530|2371|
117530|2371|
35525|5|
35525|5|
28743|86|
28743|86|
28743|86|
90988|1|
269057|341|
269057|341|
28743|86|
90988|1|
90988|1|
269057|341|
28743|86|
6239|4550|
35525|5|
35525|5|
160621|2283|
160621|2283|
103373|368|
338212|732|
338212|732|
96875|1666|
338212|732|
338212|732|
|1667|
338212|732|
338212|732|
338212|732|
117530|2371|
35525|5|
35525|5|
117530|2371|
117530|2371|
117530|2371|
117530|2371|
117530|2371|
117530|2371|
117530|2371|
35525|5|
35525|5|
568895|5175|
93621|352|
568895|5175|
568895|5175|
568895|5175|
568895|5175|
568895|5175|
568895|5175|
568895|5175|
568895|5175|
93621|352|
568895|5175|
90988|1|
90988|1|
90988|1|
90988|1|
90988|1|
90988|1|
90988|1|
90988|1|
7962|21|
7962|21|
154827|2617|
232998|2599|
232998|2599|
170859|4810|
232998|2599|
154827|2617|
402028|5531|
37688|10300|
37688|10300|
126592|4567|
126592|4567|
126592|4567|
126592|4567|
522486|2605|
522486|2605|
522486|2605|
522486|2605|
315709|27|
315709|27|
294128|52|
294128|52|
294128|52|
315709|27|
294128|52|
315709|27|
522486|2605|
522486|2605|
283036|3056|
522486|2605|
522486|2605|
90988|1|
90988|1|
90988|1|
90988|1|
232998|2599|
232998|2599|
154827|2617|
232998|2599|
232998|2599|
154827|2617|
154827|2617|
154827|2617|
37688|10300|
37688|10300|
79674|648|
79674|648|
79674|648|
79674|648|
79674|648|
79674|648|
79674|648|
79674|648|
294128|52|
294128|52|
294128|52|
294128|52|
294128|52|
294128|52|
294128|52|
294128|52|
294128|52|
294128|52|
160621|2283|
160621|2283|
8406|9943|
8355|206|
8355|206|
8355|206|
8355|206|
8355|206|
8355|206|
8355|206|
2116170|887|
|4771|
338212|732|
338212|732|
32277|18738|
338212|732|
338212|732|
223650|1577|
338212|732|
1522908|5900|
223650|1577|
|2851|
338212|732|
1080760|4701|
|1009|
373433|18732|
338212|732|
6761|2461|
338212|732|
101204|10767|
223650|1577|
338212|732|
6761|2461|
142002|11005|
32277|18738|
|4771|
294128|52|
35525|5|
117530|2371|
35525|5|
247138|4424|
64468|77|
35525|5|
35525|5|
272819|4707|
117530|2371|
35525|5|
247138|4424|
247138|4424|
294128|52|
117530|2371|
35525|5|
247138|4424|
35525|5|
35525|5|
35525|5|
|2921|
35525|5|
247138|4424|
247138|4424|
272819|4707|
294128|52|
247138|4424|
247138|4424|
35525|5|
294128|52|
247138|4424|
35525|5|
294128|52|
247138|4424|
294128|52|
35525|5|
35525|5|
294128|52|
117530|2371|
294128|52|
1239313|4665|
117530|2371|
294128|52|
247138|4424|
117530|2371|
35525|5|
294128|52|
294128|52|
247138|4424|
429032|3026|
35525|5|
247138|4424|
294128|52|
35525|5|
35525|5|
247138|4424|
35525|5|
371472|1342|
247138|4424|
117530|2371|
64468|77|
117530|2371|
294128|52|
294128|52|
294128|52|
371472|1342|
35525|5|
117530|2371|
247138|4424|
117530|2371|
35525|5|
294128|52|
294128|52|
|2921|
294128|52|
35525|5|
294128|52|
247138|4424|
35525|5|
294128|52|
247138|4424|
294128|52|
294128|52|
247138|4424|
247138|4424|
247138|4424|
247138|4424|
247138|4424|
35525|5|
294128|52|
247138|4424|
294128|52|
35525|5|
64468|77|
247138|4424|
35525|5|
272819|4707|
117530|2371|
247138|4424|
35525|5|
35525|5|
294128|52|
294128|52|
247138|4424|
1450415|4619|
247138|4424|
294128|52|
35525|5|
247138|4424|
294128|52|
35525|5|
35525|5|
294128|52|
35525|5|
35525|5|
160765|16358|
1240730|16360|
1240730|16360|
1240730|16360|
1240730|16360|
150287|18731|
13013|2079|
8127|134|
8127|134|
150287|18731|
160765|16358|
160765|16358|
160765|16358|
90988|1|
90988|1|
90988|1|
90988|1|
90988|1|
8090|109|
7955|5156|
90988|1|
90988|1|
90988|1|
90988|1|
90988|1|
8081|28|
7962|21|
7962|21|
7962|21|
7962|21|
7962|21|
8022|4|
8022|4|
8022|4|
8022|4|
8022|4|
8022|4|
8022|4|
8022|4|
8022|4|
8022|4|
8022|4|
8022|4|
8022|4|
8022|4|
8022|4|
8022|4|
8022|4|
8022|4|
8022|4|
8022|4|
8022|4|
8022|4|
8022|4|
8022|4|
8022|4|
8022|4|
8022|4|
8022|4|
8022|4|
8022|4|
8022|4|
8022|4|
8022|4|
8022|4|
8022|4|
8022|4|
8022|4|
8022|4|
8022|4|
8022|4|
8022|4|
8022|4|
8022|4|
8022|4|
8022|4|
8022|4|
8022|4|
8022|4|
8022|4|
8022|4|
8022|4|
8022|4|
8022|4|
8022|4|
8022|4|
8022|4|
8022|4|
8022|4|
8022|4|
8022|4|
8022|4|
8022|4|
8022|4|
8022|4|
8022|4|
8022|4|
8022|4|
8022|4|
8022|4|
8022|4|
8022|4|
8022|4|
8022|4|
8022|4|
8022|4|
8022|4|
8022|4|
8022|4|
8022|4|
8022|4|
8022|4|
8022|4|
8022|4|
8022|4|
8022|4|
8022|4|
8022|4|
8022|4|
8022|4|
8022|4|
8022|4|
8022|4|
8022|4|
8022|4|
8022|4|
8022|4|
8022|4|
8022|4|
8022|4|
8022|4|
8022|4|
8022|4|
8022|4|
8022|4|
8022|4|
8022|4|
8022|4|
8022|4|
8022|4|
8022|4|
8022|4|
8022|4|
8022|4|
8022|4|
8022|4|
8022|4|
8022|4|
8022|4|
8022|4|
8022|4|
8022|4|
8022|4|
8022|4|
8022|4|
8022|4|
8022|4|
8022|4|
8022|4|
8022|4|
8022|4|
8022|4|
8022|4|
8022|4|
8022|4|
8022|4|
8022|4|
8022|4|
8022|4|
8022|4|
8022|4|
8022|4|
8022|4|
8022|4|
8022|4|
8022|4|
8022|4|
8022|4|
8022|4|
8022|4|
8022|4|
8022|4|
8022|4|
8022|4|
8022|4|
8022|4|
8022|4|
8022|4|
8022|4|
8022|4|
8022|4|
8022|4|
8022|4|
8022|4|
8022|4|
8022|4|
8022|4|
8022|4|
8022|4|
8022|4|
8022|4|
8022|4|
8022|4|
8022|4|
8022|4|
8022|4|
8022|4|
8022|4|
8022|4|
8022|4|
8022|4|
8022|4|
8022|4|
8022|4|
8022|4|
8022|4|
8022|4|
8022|4|
8022|4|
8022|4|
8022|4|
8022|4|
8022|4|
8022|4|
8022|4|
8022|4|
8022|4|
8022|4|
8022|4|
8022|4|
8022|4|
8022|4|
8022|4|
8022|4|
8022|4|
8022|4|
8022|4|
8022|4|
8022|4|
8022|4|
8022|4|
8022|4|
8022|4|
8022|4|
8022|4|
8022|4|
8022|4|
8022|4|
8022|4|
8022|4|
8022|4|
8022|4|
8022|4|
8022|4|
8022|4|
8022|4|
8022|4|
8022|4|
8022|4|
8022|4|
8022|4|
8022|4|
8022|4|
8022|4|
8022|4|
8022|4|
8022|4|
8022|4|
8022|4|
8022|4|
8022|4|
8022|4|
8022|4|
8022|4|
8022|4|
8022|4|
8022|4|
8022|4|
8022|4|
8022|4|
8022|4|
8022|4|
8022|4|
8022|4|
8022|4|
8022|4|
8022|4|
8022|4|
8022|4|
8022|4|
8022|4|
8022|4|
8022|4|
8022|4|
8022|4|
8022|4|
8022|4|
8022|4|
8022|4|
8022|4|
8022|4|
8022|4|
8022|4|
8022|4|
8022|4|
8022|4|
8022|4|
8022|4|
8022|4|
8022|4|
8022|4|
8022|4|
8022|4|
8022|4|
8022|4|
8022|4|
8022|4|
8022|4|
8022|4|
8022|4|
8022|4|
8022|4|
8022|4|
8022|4|
8022|4|
8022|4|
8022|4|
8022|4|
8022|4|
8022|4|
8022|4|
8022|4|
8022|4|
8022|4|
8022|4|
8022|4|
8022|4|
8022|4|
8022|4|
8022|4|
8022|4|
8022|4|
8022|4|
8022|4|
8022|4|
8022|4|
8022|4|
8022|4|
8022|4|
8022|4|
8022|4|
8022|4|
8022|4|
8022|4|
8022|4|
8022|4|
8022|4|
8022|4|
8022|4|
8022|4|
8022|4|
8022|4|
8022|4|
8022|4|
8022|4|
8022|4|
8022|4|
8022|4|
8022|4|
8022|4|
8022|4|
8022|4|
8022|4|
8022|4|
8022|4|
8022|4|
8022|4|
8022|4|
8022|4|
8022|4|
8022|4|
8022|4|
8022|4|
8022|4|
8022|4|
8022|4|
8022|4|
8022|4|
8022|4|
8022|4|
8022|4|
8022|4|
8022|4|
8022|4|
8022|4|
8022|4|
8022|4|
8022|4|
8022|4|
8022|4|
8022|4|
8022|4|
8022|4|
8022|4|
8022|4|
8022|4|
8022|4|
8022|4|
8022|4|
8022|4|
8037|16179|
8037|16179|
8037|16179|
8037|16179|
8037|16179|
8037|16179|
641303|11503|
641303|11503|
8037|16179|
8037|16179|
154827|2617|
8037|16179|
8037|16179|
8037|16179|
641303|11503|
8037|16179|
154827|2617|
8037|16179|
232998|2599|
8037|16179|
8037|16179|
8037|16179|
8037|16179|
8037|16179|
8037|16179|
8037|16179|
8037|16179|
8037|16179|
8037|16179|
641303|11503|
641303|11503|
641303|11503|
641303|11503|
8037|16179|
8037|16179|
8037|16179|
8037|16179|
170859|4810|
8037|16179|
8037|16179|
8037|16179|
641303|11503|
8037|16179|
8037|16179|
8037|16179|
8037|16179|
8037|16179|
170859|4810|
8037|16179|
232998|2599|
8037|16179|
641303|11503|
7153|85|
7153|85|
7153|85|
7153|85|
7153|85|
55650|18739|
6087|2807|
6087|2807|
6087|2807|
5940|5773|
6087|2807|
55650|18739|
6082|4660|
1795458|18741|
5940|5773|
1795458|18741|
6087|2807|
6087|2807|
6087|2807|
6087|2807|
5940|5773|
160652|3011|
6087|2807|
6087|2807|
160652|3011|
402028|5531|
104777|1747|
104777|1747|
6850|389|
6850|389|
6850|389|
6850|389|
6850|389|
6850|389|
|18733|
52393|5765|
508942|11743|
52393|5765|
51631|1771|
146727|18734|
|18733|
1052094|11102|
301905|6041|
378425|17069|
146727|18734|
326718|5766|
378425|17069|
301905|6041|
52383|5940|
52383|5940|
52383|5940|
52383|5940|
73031|586|
73031|586|
104702|18736|
6162|18595|
184741|2205|
104702|18736|
6239|4550|
6239|4550|
6239|4550|
6239|4550|
6386|532|
6386|532|
6386|532|
6239|4550|
6386|532|
6386|532|
6239|4550|
6386|532|
6239|4550|
6239|4550|
6239|4550|
6239|4550|
6386|532|
35525|5|
35525|5|
35525|5|
35525|5|
294128|52|
294128|52|
35525|5|
35525|5|
35525|5|
294128|52|
35525|5|
294128|52|
35525|5|
35525|5|
35525|5|
294128|52|
294128|52|
8127|134|
304456|418|
90988|1|
90988|1|
66754|2478|
66754|2478|
37688|10300|
37688|10300|
58176|10420|
58176|10420|
58176|10420|
58176|10420|
117530|2371|
117530|2371|
1664192|2820|
72446|572|
8022|4|
8022|4|
8022|4|
8022|4|
37688|10300|
37688|10300|
104777|1747|
7176|397|
7176|397|
269057|341|
35525|5|
35525|5|
35525|5|
77651|973|
52641|372|
52641|372|
35525|5|
35525|5|
35525|5|
52641|372|
52641|372|
35525|5|
52641|372|
52641|372|
52641|372|
6478|567|
|2051|
|2051|
66488|11645|
|2051|
41694|1564|
41694|1564|
41694|1564|
|2051|
|2051|
110441|142|
1239313|4665|
1239313|4665|
110441|142|
8355|206|
8355|206|
33528|16|
6239|4550|
47554|2185|
47554|2185|
47554|2185|
47554|2185|
47554|2185|
35525|5|
35525|5|
219470|751|
|1640|
6386|532|
6386|532|
6386|532|
6386|532|
6386|532|
6386|532|
47562|3052|
47562|3052|
8355|206|
8355|206|
8355|206|
8355|206|
79674|648|
79674|648|
79674|648|
79674|648|
79674|648|
302712|5896|
79674|648|
79674|648|
302712|5896|
302712|5896|
79674|648|
79674|648|
302712|5896|
79674|648|
79674|648|
79674|648|
79674|648|
79674|648|
79674|648|
79674|648|
79674|648|
302712|5896|
79674|648|
302712|5896|
79674|648|
79674|648|
79674|648|
79674|648|
79674|648|
79674|648|
79674|648|
79674|648|
79674|648|
79674|648|
79674|648|
79674|648|
79674|648|
79674|648|
79674|648|
79674|648|
79674|648|
79674|648|
79674|648|
79674|648|
79674|648|
79674|648|
79674|648|
79674|648|
79674|648|
79674|648|
79674|648|
79674|648|
79674|648|
79674|648|
247138|4424|
294128|52|
294128|52|
294128|52|
294128|52|
117530|2371|
294128|52|
117530|2371|
117530|2371|
117530|2371|
294128|52|
64468|77|
294128|52|
294128|52|
117530|2371|
247138|4424|
294128|52|
294128|52|
117530|2371|
294128|52|
294128|52|
294128|52|
371471|7687|
294128|52|
117530|2371|
117530|2371|
294128|52|
294128|52|
294128|52|
294128|52|
371471|7687|
294128|52|
294128|52|
294128|52|
117530|2371|
294128|52|
294128|52|
294128|52|
247138|4424|
294128|52|
117530|2371|
294128|52|
294128|52|
294128|52|
294128|52|
294128|52|
294128|52|
294128|52|
294128|52|
294128|52|
294128|52|
294128|52|
294128|52|
294128|52|
294128|52|
294128|52|
294128|52|
294128|52|
6689|11779|
6689|11779|
6689|11779|
6689|11779|
6689|11779|
6689|11779|
6689|11779|
6689|11779|
6689|11779|
6689|11779|
6689|11779|
6689|11779|
6689|11779|
6689|11779|
6689|11779|
6689|11779|
587584|11764|
170203|11768|
89555|11766|
61620|2497|
170203|11768|
89555|11766|
7940|11767|
587584|11764|
89555|11766|
52904|1977|
52904|1977|
89555|11766|
170203|11768|
61620|2497|
170203|11768|
226931|11765|
52904|1977|
61127|11777|
89555|11766|
587584|11764|
226931|11765|
61620|2497|
61127|11777|
7940|11767|
170203|11768|
170203|11768|
7940|11767|
61127|11777|
89555|11766|
226931|11765|
226931|11765|
328410|1653|
8022|4|
8022|4|
8022|4|
8022|4|
8022|4|
8022|4|
8022|4|
8022|4|
156985|11771|
156985|11771|
148442|11772|
148442|11772|
148442|11772|
156985|11771|
148442|11772|
156985|11771|
148442|11772|
156985|11771|
148442|11772|
156985|11771|
148442|11772|
148442|11772|
156985|11771|
156985|11771|
189839|1262|
|5901|
|5901|
|5901|
|5901|
31206|2303|
8355|206|
8355|206|
6728|102|
6728|102|
52641|372|
136180|376|
136180|376|
35525|5|
294128|52|
6669|8|
117530|2371|
117530|2371|
315709|27|
117530|2371|
315709|27|
294128|52|
6669|8|
294128|52|
117530|2371|
315709|27|
294128|52|
294128|52|
294128|52|
294128|52|
315709|27|
117530|2371|
294128|52|
315709|27|
117530|2371|
117530|2371|
117530|2371|
294128|52|
315709|27|
294128|52|
315709|27|
117530|2371|
315709|27|
117530|2371|
52639|6|
117530|2371|
117530|2371|
315709|27|
117530|2371|
315709|27|
117530|2371|
522486|2605|
522486|2605|
522486|2605|
522486|2605|
522486|2605|
90988|1|
90988|1|
90988|1|
90988|1|
90988|1|
90988|1|
90988|1|
90988|1|
90988|1|
90988|1|
90988|1|
90988|1|
90988|1|
90988|1|
90988|1|
90988|1|
90988|1|
90988|1|
90988|1|
232998|2599|
154827|2617|
154827|2617|
232998|2599|
154827|2617|
154827|2617|
232998|2599|
154827|2617|
232998|2599|
37688|10300|
37688|10300|
110441|142|
35525|5|
110441|142|
35525|5|
294128|52|
294128|52|
28800|112|
28800|112|
269057|341|
269057|341|
8022|4|
8022|4|
37688|10300|
37688|10300|
1143|5191|
522486|2605|
522486|2605|
522486|2605|
59899|113|
522486|2605|
6687|252|
6687|252|
6687|252|
6687|252|
6832|983|
35525|5|
13106|2|
13106|2|
8022|4|
8022|4|
294128|52|
294128|52|
294128|52|
294128|52|
294128|52|
294128|52|
294128|52|
294128|52|
294128|52|
294128|52|
294128|52|
294128|52|
8081|28|
8081|28|
8081|28|
8081|28|
6523|294|
6523|294|
6523|294|
6523|294|
|1847|
35525|5|
8404|358|
8404|358|
8389|765|
8389|765|
8389|765|
8404|358|
8404|358|
8389|765|
1080760|4701|
1522908|5900|
7998|20|
7998|20|
8022|4|
8022|4|
7955|5156|
86242|4753|
1080760|4701|
1522908|5900|
33397|81|
6386|532|
7904|2517|
6669|8|
90988|1|
13106|2|
1522908|5900|
1080760|4701|
6832|983|
6832|983|
1522908|5900|
1080760|4701|
280216|17256|
7176|397|
7175|210|
280216|17256|
7175|210|
7176|397|
7176|397|
1522908|5900|
1080760|4701|
85549|366|
85549|366|
85549|366|
294128|52|
294128|52|
35525|5|
117530|2371|
35525|5|
117530|2371|
90988|1|
90988|1|
7153|85|
7153|85|
1522908|5900|
1080760|4701|
7998|20|
13106|2|
8022|4|
45954|218|
8084|1681|
8078|57|
8078|57|
8078|57|
8078|57|
8078|57|
8078|57|
8078|57|
8078|57|
1080760|4701|
1522908|5900|
35525|5|
35525|5|
7176|397|
7176|397|
|3031|
13106|2|
90988|1|
13106|2|
90988|1|
13106|2|
13106|2|
90988|1|
90988|1|
|2265|
|2265|
13106|2|
90988|1|
90988|1|
90988|1|
13106|2|
90988|1|
13106|2|
13106|2|
|2265|
|2265|
2788|42924|
2788|42924|
2788|42924|
85549|366|
91582|2638|
6669|8|
35525|5|
35525|5|
8409|5713|
68419|19559|
|19560|
8330|19557|
8330|19557|
109175|19558|
|19560|
68419|19559|
8330|19557|
109175|19558|
109175|19558|
8409|5713|
|19560|
8409|5713|
8330|19557|
8355|206|
8355|206|
8355|206|
8355|206|
7936|574|
7936|574|
33528|16|
7936|574|
7936|574|
8090|109|
8090|109|
8090|109|
8090|109|
104777|1747|
|1847|
90988|1|
13106|2|
13106|2|
13106|2|
13106|2|
90988|1|
90988|1|
90988|1|
|2265|
|2265|
35525|5|
35525|5|
90988|1|
90988|1|
90988|1|
90988|1|
8022|4|
8022|4|
8022|4|
8022|4|
52641|372|
52641|372|
52641|372|
52641|372|
52641|372|
52641|372|
160495|11601|
|17073|
|1847|
7175|210|
7159|230|
7159|230|
7159|230|
7159|230|
315576|964|
7159|230|
117530|2371|
117530|2371|
90988|1|
90988|1|
117530|2371|
90988|1|
2788|42924|
2788|42924|
2788|42924|
85549|366|
91582|2638|
35525|5|
35525|5|
6669|8|
7176|397|
7176|397|
7176|397|
|1847|
33397|81|
33397|81|
6386|532|
6386|532|
8090|109|
8090|109|
8090|109|
|10299|
7955|5156|
8081|28|
8081|28|
8081|28|
7955|5156|
7955|5156|
90988|1|
90988|1|
280216|17256|
7176|397|
280216|17256|
6706|346|
6706|346|
6706|346|
6706|346|
6706|346|
13106|2|
13106|2|
8090|109|
13106|2|
8022|4|
8022|4|
8022|4|
400727|4733|
104064|18069|
104064|18069|
312086|10537|
312086|10537|
104064|18069|
104064|18069|
|18070|
|18070|
1221126|10532|
1221126|10532|
104064|18069|
104064|18069|
1221126|10532|
1221126|10532|
|18070|
|18070|
312086|10537|
312086|10537|
312086|10537|
312086|10537|
1221126|10532|
1221126|10532|
|18070|
|18070|
8355|206|
8355|206|
6726|629|
6726|629|
7998|20|
13106|2|
13106|2|
7998|20|
8022|4|
90988|1|
90988|1|
90988|1|
90988|1|
|2265|
|2265|
8081|28|
7176|397|
7176|397|
150844|901|
150844|901|
160495|11601|
7176|397|
7159|230|
8128|485|
120843|5676|
7176|397|
7176|397|
|1847|
2850|330|
2850|330|
52641|372|
52641|372|
52641|372|
52641|372|
52641|372|
52641|372|
93621|352|
93621|352|
93621|352|
93621|352|
315576|964|
136180|376|
8090|109|
8090|109|
6087|2807|
301905|6041|
96915|6108|
221654|302|
8128|485|
8090|109|
8078|57|
7176|397|
7176|397|
|1847|
7176|397|
7176|397|
7176|397|
|1640|
|1640|
|1640|
|1640|
8090|109|
8090|109|
364767|16296|
364767|16296|
364767|16296|
364767|16296|
6706|346|
6706|346|
6706|346|
6706|346|
6706|346|
6706|346|
6706|346|
6706|346|
1450415|4619|
1450415|4619|
1450415|4619|
7962|1520|
7176|397|
7176|397|
|1847|
7176|397|
7159|230|
7159|230|
7159|230|
7159|230|
7159|230|
30325|31156|
30325|31156|
30325|31156|
30325|31156|
30325|31156|
30325|31156|
8355|206|
8355|206|
382061|1403|
6669|8|
117530|2371|
52641|372|
117530|2371|
52641|372|
6669|8|
52641|372|
52641|372|
6669|8|
52641|372|
52641|372|
33528|16|
7910|2519|
54333|16176|
33528|16|
34773|144|
8130|2495|
8128|485|
7910|2519|
54333|16176|
54333|16176|
54333|16176|
54333|16176|
33528|16|
36177|2516|
54333|16176|
8128|485|
8130|2495|
28743|86|
90988|1|
28743|86|
8090|109|
90988|1|
8090|109|
90988|1|
8022|4|
8022|4|
8022|4|
453929|11783|
232998|2599|
232998|2599|
170859|4810|
72053|11611|
154827|2617|
68464|16178|
154827|2617|
68464|16178|
72053|11611|
68464|16178|
209197|11660|
157888|16177|
453929|11783|
157888|16177|
72053|11611|
72053|11611|
323265|11784|
232998|2599|
170859|4810|
68464|16178|
209197|11660|
157888|16177|
157888|16177|
68464|16178|
209197|11660|
323265|11784|
154827|2617|
72053|11611|
453929|11783|
68464|16178|
170859|4810|
157888|16177|
7907|2514|
157888|16177|
46955|18345|
7176|397|
46955|18345|
7166|1065|
7176|397|
46955|18345|
7176|397|
7176|397|
46955|18345|
7176|397|
7175|210|
7159|230|
315576|964|
315576|964|
315576|964|
7159|230|
7159|230|
315576|964|
315576|964|
7159|230|
7159|230|
93621|352|
93621|352|
7936|574|
93621|352|
93621|352|
93621|352|
93621|352|
|1847|
|1847|
|1847|
|1847|
|1847|
|1847|
|1847|
|1847|
|1847|
|1847|
|1847|
|1847|
|1847|
|1847|
|1847|
|1847|
|1847|
7176|397|
|1847|
|1847|
|1847|
|1847|
280216|17256|
|1847|
280216|17256|
7176|397|
7159|230|
7159|230|
7159|230|
7159|230|
7159|230|
|1640|
|1640|
|1640|
|1640|
13106|2|
13106|2|
8022|4|
8022|4|
110441|142|
35525|5|
1239313|4665|
1239313|4665|
110441|142|
|1049|
33397|81|
33397|81|
6386|532|
6386|532|
|4633|
294128|52|
35525|5|
195632|1094|
8019|23|
8019|23|
8019|23|
8019|23|
8019|23|
8019|23|
8022|4|
8022|4|
8022|4|
8022|4|
8022|4|
8090|109|
8355|206|
6726|629|
6726|629|
13106|2|
7998|20|
7998|20|
13106|2|
8090|109|
8090|109|
35525|5|
110441|142|
110441|142|
110441|142|
8355|206|
7159|230|
280216|17256|
280216|17256|
8355|206|
173781|17217|
1192235|17218|
177646|36|
185818|6024|
309641|17215|
1188218|17219|
7955|5156|
8081|28|
8355|206|
|17076|
69004|4766|
|17073|
|15794|
|17075|
|17074|
7159|230|
683832|422|
683832|422|
683832|422|
683832|422|
683832|422|
683832|422|
683832|422|
683832|422|
|1444|
|1444|
|1444|
|1444|
195543|1186|
195543|1186|
195543|1186|
195543|1186|
315576|964|
315576|964|
315576|964|
315576|964|
90988|1|
90988|1|
90988|1|
90988|1|
90988|1|
90988|1|
35525|5|
35525|5|
294128|52|
90988|1|
90988|1|
7153|85|
35525|5|
90988|1|
90988|1|
90988|1|
90988|1|
8022|4|
8022|4|
8022|4|
8022|4|
64152|528|
13013|2079|
8081|28|
7955|5156|
8139|20707|
|1847|
35525|5|
35525|5|
90988|1|
90988|1|
90988|1|
90988|1|
8022|4|
8022|4|
8022|4|
8022|4|
|1847|
90988|1|
74940|22|
74940|22|
74940|22|
74940|22|
74940|22|
74940|22|
74940|22|
74940|22|
6728|102|
6728|102|
6728|102|
6728|102|
6728|102|
6728|102|
6728|102|
6728|102|
6728|102|
6728|102|
280216|17256|
280216|17256|
7176|397|
7176|397|
7159|230|
7159|230|
7159|230|
7159|230|
7159|230|
7159|230|
7159|230|
8022|4|
8022|4|
8022|4|
8022|4|
90988|1|
90988|1|
90988|1|
13106|2|
13106|2|
13106|2|
13106|2|
90988|1|
90988|1|
35525|5|
90988|1|
90988|1|
90988|1|
90988|1|
8022|4|
8022|4|
8022|4|
8022|4|
223650|1577|
647170|714|
45625|118|
85549|366|
632106|43792|
223650|1577|
6759|10|
|2442|
179961|2249|
31216|595|
6231|51523|
126592|744|
61662|640|
69811|146|
7955|5156|
8355|206|
35525|5|
35525|5|
90988|1|
90988|1|
90988|1|
90988|1|
8022|4|
8022|4|
8022|4|
8022|4|
74940|22|
74940|22|
74940|22|
74940|22|
74940|22|
74940|22|
74940|22|
74940|22|
74940|22|
74940|22|
74940|22|
74940|22|
74940|22|
74940|22|
74940|22|
74940|22|
6832|983|
6386|532|
6386|532|
6386|532|
6386|532|
6386|532|
6386|532|
6386|532|
6386|532|
6386|532|
6386|532|
6386|532|
6386|532|
6386|532|
382061|1403|
8127|134|
8130|2495|
8127|134|
8127|134|
8128|485|
8127|134|
8127|134|
8127|134|
8127|134|
8127|134|
8128|485|
|1847|
7176|397|
7176|397|
|18070|
|18070|
1221126|10532|
104064|18069|
312086|10537|
104064|18069|
1221126|10532|
7176|397|
7176|397|
7176|397|
|1847|
280216|17256|
280216|17256|
6706|346|
6706|346|
6706|346|
101283|11775|
101283|11775|
6706|346|
294125|72|
247138|4424|
110441|142|
110441|142|
110441|142|
247138|4424|
247138|4424|
294125|72|
247138|4424|
247138|4424|
247138|4424|
110441|142|
110441|142|
294125|72|
294125|72|
110441|142|
294125|72|
110441|142|
8265|665|
8265|665|
28743|86|
269057|341|
269057|341|
269057|341|
28743|86|
269057|341|
269057|341|
269057|341|
269057|341|
28743|86|
28743|86|
28743|86|
33397|81|
6386|532|
8090|109|
7176|397|
7176|397|
280216|17256|
280216|17256|
7176|397|
7176|397|
7159|230|
7159|230|
7159|230|
7159|230|
7159|230|
7159|230|
7159|230|
84645|202|
84645|202|
683832|422|
72446|572|
683832|422|
72446|572|
72446|572|
683832|422|
683832|422|
72446|572|
84645|202|
72446|572|
683832|422|
84645|202|
72446|572|
72446|572|
84645|202|
683832|422|
84645|202|
72446|572|
683832|422|
84645|202|
160495|11601|
7176|397|
7176|397|
7176|397|
90988|1|
13106|2|
13106|2|
90988|1|
90988|1|
90988|1|
13106|2|
13106|2|
35525|5|
35525|5|
90988|1|
90988|1|
90988|1|
90988|1|
8022|4|
8022|4|
8022|4|
8022|4|
110441|142|
110441|142|
90988|1|
28743|86|
13106|2|
13106|2|
8022|4|
|1847|
33397|81|
6386|532|
117530|2371|
7166|1065|
7159|230|
7159|230|
6660|421|
6660|421|
35525|5|
329105|1670|
329105|1670|
329105|1670|
7159|230|
315576|964|
7159|230|
315576|964|
6728|102|
6728|102|
1003125|16785|
6728|102|
329105|1670|
1671608|2469|
42429|1673|
42429|1673|
329105|1670|
|5894|
|2498|
7176|397|
7176|397|
280216|17256|
7176|397|
280216|17256|
|2498|
7166|1065|
7159|230|
7159|230|
7159|230|
7160|1770|
7160|1770|
8022|4|
8022|4|
45954|218|
45954|218|
45954|218|
45954|218|
8090|109|
6660|421|
6660|421|
35525|5|
35525|5|
329105|1670|
329105|1670|
329105|1670|
7159|230|
7159|230|
|19816|
|19816|
|19816|
|19816|
|19816|
8128|485|
8128|485|
8128|485|
8128|485|
7962|21|
7962|21|
7962|21|
7962|21|
7962|21|
7962|21|
7962|21|
7962|21|
7962|21|
7962|21|
7962|21|
7962|21|
7962|21|
7962|21|
7962|21|
7962|21|
7962|21|
7962|21|
7962|21|
7962|21|
7962|21|
7962|21|
7962|21|
7962|21|
7962|21|
7962|21|
7962|21|
7962|21|
7962|21|
7962|21|
7962|21|
7962|21|
7962|21|
7962|21|
7962|21|
7962|21|
7962|21|
7962|21|
7962|21|
7962|21|
7962|21|
7962|21|
7962|21|
7962|21|
7962|21|
7962|21|
7962|21|
7962|21|
7962|21|
7962|21|
7962|21|
7962|21|
7962|21|
7962|21|
7962|21|
7962|21|
7962|21|
7962|21|
7962|21|
7962|21|
35525|5|
136180|376|
136180|376|
6550|208|
6550|208|
6550|208|
6550|208|
6550|208|
6550|208|
6550|208|
6550|208|
8090|109|
8090|109|
294128|52|
294128|52|
294128|52|
294128|52|
74940|22|
74940|22|
74940|22|
74940|22|
74940|22|
74940|22|
74940|22|
74940|22|
294128|52|
294128|52|
294128|52|
294128|52|
74940|22|
74940|22|
74940|22|
74940|22|
74940|22|
74940|22|
74940|22|
8090|109|
8090|109|
6728|102|
6728|102|
6728|102|
35525|5|
35525|5|
33528|16|
33528|16|
33528|16|
197151|399|
1206072|10413|
7152|122|
8022|4|
8022|4|
8022|4|
8022|4|
8022|4|
8022|4|
8022|4|
8022|4|
8022|4|
8022|4|
8022|4|
8022|4|
8022|4|
8022|4|
8022|4|
8022|4|
8022|4|
8022|4|
8022|4|
8022|4|
8022|4|
8022|4|
8022|4|
8022|4|
8022|4|
8022|4|
8022|4|
8022|4|
8022|4|
8022|4|
8022|4|
8022|4|
35525|5|
35525|5|
294128|52|
294128|52|
90988|1|
90988|1|
7153|85|
7153|85|
