"Species NCBI TaxID"|"Species ECOTOX Number"|
6772|745|
|75|
|75|
|75|
34816|59|
34816|59|
34816|59|
34816|59|
34816|59|
34816|59|
34816|59|
34816|59|
34816|59|
34816|59|
34816|59|
34816|59|
34816|59|
34816|59|
313441|1632|
34816|59|
34816|59|
34816|59|
34816|59|
34816|59|
313441|1632|
313441|1632|
34816|59|
34816|59|
34816|59|
34816|59|
34816|59|
34816|59|
34816|59|
34816|59|
34816|59|
34816|59|
34816|59|
34816|59|
34816|59|
34816|59|
34816|59|
34816|59|
34816|59|
147949|106|
34816|59|
34816|59|
34816|59|
34816|59|
34816|59|
34816|59|
34816|59|
34816|59|
27706|89|
34816|59|
34816|59|
34816|59|
34816|59|
34816|59|
173342|136|
34816|59|
34816|59|
34816|59|
34816|59|
34816|59|
34816|59|
34816|59|
34816|59|
34816|59|
34816|59|
337539|308|
337539|308|
337539|308|
337539|308|
219545|133|
201691|30|
238744|375|
13106|2|
13106|2|
8040|82|
13106|2|
13106|2|
13106|2|
7998|20|
13106|2|
13106|2|
8030|68|
8022|4|
8022|4|
8022|4|
8022|4|
8022|4|
8022|4|
8022|4|
|4985|
1211424|387|
1211424|387|
|4697|
1211424|387|
|2851|
1211424|387|
304456|418|
|2793|
|4651|
|1230|
13103|5172|
7756|5184|
7772|5168|
13103|5172|
7756|5184|
7772|5168|
7772|5168|
7772|5168|
13103|5172|
7756|5184|
13103|5172|
7756|5184|
7955|5156|
7955|5156|
7998|20|
8022|4|
52404|5181|
45954|218|
45954|218|
59188|669|
85549|366|
104777|1747|
10195|345|
543362|2768|
|388|
110441|142|
219545|133|
8167|38|
13106|2|
28743|86|
90988|1|
7971|283|
7998|20|
13106|2|
201691|30|
7962|21|
7957|25|
8022|4|
8022|4|
238741|2208|
269057|341|
110441|142|
110441|142|
13106|2|
13106|2|
28743|86|
8019|23|
8022|4|
8022|4|
8022|4|
|4985|
34816|59|
13106|2|
13106|2|
13106|2|
8022|4|
8022|4|
8022|4|
69004|4766|
69004|4766|
69004|4766|
69004|4766|
|5894|
69004|4766|
69004|4766|
13106|2|
8022|4|
272817|932|
110441|142|
315707|7|
|75|
34816|59|
13106|2|
8081|28|
28743|86|
8022|4|
8022|4|
|1579|
|18395|
|5894|
117530|2371|
90988|1|
8022|4|
|2265|
42240|1942|
|864|
6772|745|
|864|
|864|
|864|
35525|5|
35525|5|
221654|302|
221654|302|
|75|
110441|142|
69811|146|
13106|2|
7998|20|
13106|2|
13106|2|
8078|57|
7998|20|
13106|2|
13106|2|
8081|28|
13106|2|
28743|86|
8081|28|
28743|86|
8022|4|
8022|4|
8022|4|
8022|4|
8022|4|
7175|210|
42240|1942|
42240|1942|
42240|1942|
6082|2329|
6526|577|
36930|5938|
6526|577|
6526|577|
6526|577|
6526|577|
6526|577|
55832|667|
36930|5938|
152466|5360|
6526|577|
6526|577|
152466|5360|
29159|575|
29159|575|
29159|575|
73031|586|
73031|586|
|1618|
6386|532|
35525|5|
8081|28|
7175|210|
6526|577|
157968|10612|
6526|577|
6526|577|
6526|577|
6526|577|
6526|577|
6526|577|
6526|577|
157968|10612|
6526|577|
6526|577|
6386|532|
|4985|
|4771|
1211424|387|
1211424|387|
6700|39|
1211424|387|
1211424|387|
|4771|
|5861|
110441|142|
110441|142|
315707|7|
34816|59|
90988|1|
13106|2|
13106|2|
90988|1|
13106|2|
52639|6|
52639|6|
52639|6|
13106|2|
8022|4|
|1609|
|1609|
|1609|
|1609|
|1609|
|1609|
|1609|
|1609|
|1609|
|1609|
|1609|
|1609|
|1609|
|1609|
|1609|
|1609|
|1609|
13106|2|
8022|4|
84645|202|
84645|202|
84645|202|
13106|2|
8022|4|
|3002|
13106|2|
8022|4|
8022|4|
85549|366|
221654|302|
13106|2|
13106|2|
13106|2|
28743|86|
13106|2|
13106|2|
8022|4|
8022|4|
8022|4|
8022|4|
|4985|
1211424|387|
1211424|387|
1211424|387|
|50|
1211424|387|
35525|5|
315707|7|
35525|5|
|4752|
45205|5256|
|4752|
45205|5256|
93621|352|
|4752|
45205|5256|
45205|5256|
90988|1|
90988|1|
13106|2|
13106|2|
90988|1|
13106|2|
7957|25|
7962|21|
8022|4|
8022|4|
8022|4|
204564|4377|
1249915|182|
1249915|182|
204564|4377|
204564|4377|
315576|964|
7153|85|
7153|85|
315576|964|
104777|1747|
29159|575|
8022|4|
|4985|
1211424|387|
1211424|387|
1211424|387|
1211424|387|
52639|6|
110441|142|
93621|352|
28743|86|
8032|49|
7957|25|
8022|4|
8022|4|
8022|4|
8022|4|
|2857|
|4985|
1211424|387|
1211424|387|
1211424|387|
1211424|387|
35525|5|
8081|28|
201691|30|
8081|28|
8081|28|
8022|4|
|2793|
|1230|
7167|709|
|2422|
7165|2919|
6700|39|
230730|24|
306179|53|
|50|
315707|7|
110441|142|
67550|143|
13106|2|
13106|2|
13106|2|
13106|2|
28743|86|
8022|4|
8022|4|
8022|4|
8022|4|
117530|2371|
90988|1|
90988|1|
7955|5156|
90988|1|
90988|1|
90988|1|
90988|1|
90988|1|
|4985|
1211424|387|
72036|5473|
1211424|387|
92525|609|
1211424|387|
1211424|387|
72036|5473|
72036|5473|
92525|609|
272817|932|
72036|5473|
92525|609|
72036|5473|
92525|609|
92525|609|
72036|5473|
110441|142|
110441|142|
315707|7|
38527|2333|
38527|2333|
1111475|5176|
568895|5175|
76053|88|
8127|134|
8127|134|
161586|1658|
30962|34|
8127|134|
38527|2333|
38527|2333|
568895|5175|
8127|134|
8127|134|
238744|375|
13106|2|
8040|82|
28743|86|
28743|86|
8081|28|
13106|2|
8078|57|
59837|110|
13106|2|
13106|2|
13106|2|
7962|21|
7962|21|
7962|21|
7962|21|
7962|21|
7962|21|
8022|4|
8022|4|
8022|4|
8022|4|
|10989|
315576|964|
315576|964|
315576|964|
315576|964|
315576|964|
315576|964|
146087|564|
34582|492|
240818|905|
240818|905|
240818|905|
240818|905|
240818|905|
44764|1137|
44764|1137|
44764|1137|
44764|1137|
44764|1137|
13106|2|
8022|4|
1211424|387|
|2295|
6706|346|
|213|
|213|
|2295|
6706|346|
|213|
6706|346|
1211424|387|
6706|346|
1211424|387|
1211424|387|
|2295|
|213|
|2295|
110441|142|
110441|142|
110441|142|
110441|142|
35525|5|
110441|142|
35525|5|
52639|6|
304456|418|
304456|418|
28743|86|
28743|86|
28743|86|
13106|2|
13106|2|
13106|2|
13106|2|
13106|2|
13106|2|
7962|21|
7962|21|
7962|21|
8022|4|
8022|4|
8022|4|
8022|4|
8022|4|
8022|4|
8022|4|
8022|4|
|2793|
|1230|
|1362|
|3002|
|3002|
|3002|
8355|206|
8355|206|
85549|366|
59188|669|
104777|1747|
10195|345|
6396|4991|
85549|366|
59188|669|
8022|4|
104777|1747|
10195|345|
|3002|
59188|669|
85549|366|
10195|345|
104777|1747|
|3002|
8355|206|
8355|206|
8022|4|
13106|2|
8022|4|
92525|609|
92525|609|
92525|609|
92525|609|
92525|609|
52638|2258|
117530|2371|
52638|2258|
52638|2258|
52638|2258|
52638|2258|
90988|1|
90988|1|
90988|1|
10195|345|
104777|1747|
|4777|
|4777|
|4777|
|4777|
|4777|
6523|294|
6523|294|
6523|294|
6523|294|
6523|294|
13106|2|
8022|4|
238741|2208|
269057|341|
13106|2|
8022|4|
8022|4|
8022|4|
13106|2|
85549|366|
7962|21|
8022|4|
7955|5156|
8355|206|
8355|206|
7955|5156|
110441|142|
13106|2|
28743|86|
13106|2|
8355|206|
59188|669|
59188|669|
13106|2|
13106|2|
13106|2|
8022|4|
8022|4|
8022|4|
85549|366|
85549|366|
6772|745|
35525|5|
110441|142|
110441|142|
6759|10|
432397|14|
432397|14|
28743|86|
90988|1|
90988|1|
13106|2|
90988|1|
13106|2|
28743|86|
7998|20|
7962|21|
7962|21|
7962|21|
7957|25|
7962|21|
8022|4|
8022|4|
8022|4|
8022|4|
8022|4|
8022|4|
8022|4|
6526|577|
8022|4|
13106|2|
13106|2|
8022|4|
8022|4|
69811|146|
7175|210|
52639|6|
110441|142|
90988|1|
13106|2|
28743|86|
13106|2|
8022|4|
8022|4|
8355|206|
104782|4375|
13106|2|
13106|2|
13106|2|
8022|4|
8022|4|
13106|2|
8022|4|
104782|4375|
8355|206|
6689|11779|
6689|11779|
6689|11779|
6689|11779|
6689|11779|
7955|5156|
7955|5156|
7955|5156|
7955|5156|
90988|1|
13106|2|
13106|2|
13106|2|
8022|4|
8022|4|
8022|4|
6772|745|
6772|745|
|75|
|75|
13106|2|
13106|2|
7998|20|
7998|20|
8022|4|
8022|4|
110441|142|
110441|142|
13106|2|
28743|86|
13106|2|
13106|2|
28743|86|
13106|2|
28743|86|
13106|2|
8022|4|
8022|4|
8022|4|
8022|4|
13106|2|
8022|4|
247138|4424|
178841|728|
6700|39|
29144|386|
8127|134|
29144|386|
29144|386|
8127|134|
8127|134|
29144|386|
219545|133|
29144|386|
29144|386|
8127|134|
8127|134|
8127|134|
219545|133|
13106|2|
13106|2|
13106|2|
13106|2|
13106|2|
13106|2|
7971|283|
13106|2|
7998|20|
13106|2|
7971|283|
7998|20|
13106|2|
7998|20|
13106|2|
13106|2|
13106|2|
13106|2|
201691|30|
13106|2|
13106|2|
13106|2|
13106|2|
13106|2|
201691|30|
7962|21|
7962|21|
8022|4|
8022|4|
8022|4|
8022|4|
8022|4|
8022|4|
8022|4|
8022|4|
8022|4|
8022|4|
8022|4|
8022|4|
8022|4|
8022|4|
8022|4|
8022|4|
50443|540|
126163|459|
110031|2336|
45948|923|
1856808|413|
584722|752|
|5995|
52404|5181|
45954|218|
|1618|
45954|218|
66403|1159|
|4985|
446220|4783|
446220|4783|
446220|4783|
110441|142|
67550|143|
90988|1|
28743|86|
13106|2|
13106|2|
13106|2|
8032|49|
8022|4|
7959|201|
247138|4424|
8022|4|
604281|224|
604281|224|
604281|224|
604281|224|
6700|39|
|50|
315707|7|
315707|7|
110441|142|
110441|142|
27706|89|
219545|133|
69811|146|
8167|38|
8182|291|
238741|2208|
90988|1|
201691|30|
28743|86|
269057|341|
13106|2|
13106|2|
7998|20|
8010|131|
28743|86|
8032|49|
8022|4|
8022|4|
13106|2|
8022|4|
|5880|
|5880|
|5880|
|5880|
|5880|
|5880|
|5880|
35525|5|
35525|5|
35525|5|
|75|
35525|5|
27706|89|
48193|71|
7955|5156|
13106|2|
7971|283|
7955|5156|
13106|2|
90988|1|
13106|2|
7955|5156|
7955|5156|
8030|68|
8022|4|
8022|4|
104777|1747|
13106|2|
13106|2|
13106|2|
8022|4|
8022|4|
8022|4|
13106|2|
13106|2|
8022|4|
8022|4|
8400|812|
13106|2|
7998|20|
13106|2|
13106|2|
13106|2|
13106|2|
13106|2|
13106|2|
7998|20|
8019|23|
8019|23|
8019|23|
8019|23|
8019|23|
8022|4|
8022|4|
8022|4|
8022|4|
8022|4|
8022|4|
197159|530|
52404|5181|
45954|218|
45954|218|
|416|
|75|
110441|142|
13106|2|
28743|86|
8022|4|
13106|2|
13106|2|
90988|1|
8022|4|
8022|4|
13106|2|
8019|23|
8022|4|
8022|4|
8022|4|
13106|2|
8022|4|
35525|5|
35525|5|
13106|2|
13106|2|
28743|86|
8022|4|
8022|4|
|4985|
29159|575|
13106|2|
8022|4|
117530|2371|
90988|1|
34816|59|
34816|59|
34816|59|
34816|59|
34816|59|
34816|59|
34816|59|
34816|59|
34816|59|
13106|2|
13106|2|
13106|2|
8022|4|
8022|4|
|75|
110441|142|
13106|2|
13106|2|
28743|86|
238744|375|
8032|49|
8022|4|
8022|4|
6565|67|
6565|67|
|75|
59899|113|
90988|1|
269057|341|
13106|2|
8022|4|
8022|4|
5908|484|
104777|1747|
13106|2|
13106|2|
8022|4|
8022|4|
13106|2|
8022|4|
13106|2|
8022|4|
90988|1|
8081|28|
35525|5|
35525|5|
8168|44|
8168|44|
8168|44|
104777|1747|
|5880|
|5880|
|5880|
|5880|
13106|2|
8022|4|
110441|142|
13106|2|
28743|86|
8022|4|
110441|142|
28743|86|
13106|2|
117530|2371|
90988|1|
90988|1|
90988|1|
13106|2|
13106|2|
13106|2|
7957|25|
8022|4|
8022|4|
8022|4|
139456|3044|
425018|500|
238741|2208|
90988|1|
269057|341|
13106|2|
13106|2|
8022|4|
8022|4|
135777|209|
135777|209|
135777|209|
135777|209|
92525|609|
92525|609|
92525|609|
92525|609|
92525|609|
52638|2258|
52638|2258|
52638|2258|
52638|2258|
52638|2258|
|4777|
|4777|
|4777|
|4777|
|4777|
6523|294|
6523|294|
6523|294|
6523|294|
6523|294|
7955|5156|
|4985|
13106|2|
13106|2|
13106|2|
8022|4|
92524|424|
92524|424|
92524|424|
92524|424|
35525|5|
110441|142|
35525|5|
110441|142|
|75|
35525|5|
315707|7|
110441|142|
221654|302|
110441|142|
221654|302|
110441|142|
35525|5|
35525|5|
35525|5|
110441|142|
110441|142|
221654|302|
35525|5|
221654|302|
110441|142|
13106|2|
7998|20|
13106|2|
13106|2|
7998|20|
13106|2|
13106|2|
7998|20|
7998|20|
13106|2|
13106|2|
13106|2|
13106|2|
13106|2|
13106|2|
90988|1|
13106|2|
13106|2|
8022|4|
|2265|
|2265|
|2265|
13106|2|
13106|2|
8022|4|
8022|4|
8355|206|
8355|206|
59188|669|
85549|366|
10195|345|
104777|1747|
13106|2|
13106|2|
8022|4|
90988|1|
90988|1|
90988|1|
90988|1|
104777|1747|
8081|28|
90988|1|
8038|3|
90988|1|
8081|28|
13106|2|
|4752|
|4752|
|4752|
7955|5156|
7955|5156|
7955|5156|
7955|5156|
7955|5156|
110441|142|
33528|16|
27706|89|
7924|650|
28743|86|
90988|1|
13106|2|
8022|4|
13106|2|
8022|4|
8022|4|
7955|5156|
59188|669|
85549|366|
104777|1747|
10195|345|
315707|7|
90988|1|
90988|1|
90988|1|
90988|1|
90988|1|
13106|2|
13106|2|
7962|21|
8022|4|
8022|4|
8022|4|
13106|2|
117530|2371|
90988|1|
117530|2371|
90988|1|
90988|1|
90988|1|
104777|1747|
10195|345|
139456|3044|
117530|2371|
90988|1|
7955|5156|
304456|418|
90988|1|
104777|1747|
13106|2|
8022|4|
104782|4375|
104777|1747|
10195|345|
90988|1|
110441|142|
110441|142|
110441|142|
28743|86|
13106|2|
28743|86|
90988|1|
13106|2|
90988|1|
8022|4|
8022|4|
8022|4|
13106|2|
8022|4|
13106|2|
8022|4|
13106|2|
8022|4|
13106|2|
8022|4|
8022|4|
6689|11779|
6689|11779|
6689|11779|
6689|11779|
6689|11779|
6689|11779|
34816|59|
34816|59|
34816|59|
34816|59|
34816|59|
93621|352|
13106|2|
7998|20|
13106|2|
13106|2|
13106|2|
8038|3|
13106|2|
7957|25|
8022|4|
8022|4|
8022|4|
8022|4|
8022|4|
|2422|
7176|397|
7176|397|
7176|397|
7167|709|
7165|2919|
8355|206|
|2952|
|4985|
79674|648|
79674|648|
6772|745|
79674|648|
79674|648|
79674|648|
79674|648|
35525|5|
315707|7|
221654|302|
35525|5|
|74|
52639|6|
|75|
6763|76|
35525|5|
48193|71|
120843|5676|
120843|5676|
135764|2984|
120843|5676|
34816|59|
238741|2208|
316163|5180|
135764|2984|
443752|4548|
48193|71|
33528|16|
34816|59|
432397|14|
443752|4548|
756470|4399|
59899|113|
120843|5676|
59899|113|
7962|1520|
13106|2|
269057|341|
59837|110|
13106|2|
50351|19|
7955|5156|
59837|110|
13106|2|
13106|2|
7962|21|
7962|21|
7962|21|
8032|49|
7962|21|
8022|4|
8022|4|
8022|4|
8022|4|
8022|4|
8022|4|
8022|4|
8022|4|
104777|1747|
104777|1747|
104777|1747|
|4985|
1211424|387|
1211424|387|
1211424|387|
1211424|387|
307031|149|
1211424|387|
110441|142|
27778|4603|
13106|2|
90988|1|
13106|2|
28743|86|
13106|2|
7998|20|
7957|25|
8022|4|
8022|4|
8022|4|
8022|4|
270884|9942|
35525|5|
35525|5|
90988|1|
90988|1|
90988|1|
90988|1|
8022|4|
8022|4|
8022|4|
8022|4|
|5880|
13106|2|
13106|2|
28743|86|
8022|4|
52639|6|
13106|2|
8022|4|
13106|2|
13106|2|
8022|4|
13106|2|
117530|2371|
90988|1|
|2265|
104777|1747|
|4985|
117530|2371|
90988|1|
90988|1|
90988|1|
13106|2|
8022|4|
13106|2|
13106|2|
13106|2|
8032|49|
8022|4|
8022|4|
8022|4|
8022|4|
8022|4|
|416|
315707|7|
221654|302|
90988|1|
8022|4|
7955|5156|
38577|1194|
|4985|
|1009|
92525|609|
92525|609|
|1009|
79674|648|
1211424|387|
|1009|
|1009|
|1009|
|4633|
1211424|387|
79674|648|
|4633|
1211424|387|
92525|609|
92525|609|
79674|648|
|1009|
|1009|
|1009|
85549|366|
1211424|387|
|4633|
79674|648|
85549|366|
79674|648|
79674|648|
|4633|
92525|609|
110441|142|
110441|142|
35525|5|
52639|6|
315707|7|
35525|5|
8128|485|
93621|352|
304456|418|
857619|5674|
37003|1517|
857619|5674|
8128|485|
93621|352|
93621|352|
8128|485|
59899|113|
37003|1517|
8128|485|
93621|352|
93621|352|
28743|86|
269057|341|
28743|86|
28743|86|
269057|341|
28743|86|
269057|341|
13106|2|
13106|2|
7962|21|
7962|21|
7962|21|
7962|21|
7962|21|
7962|21|
7962|21|
7962|21|
7962|21|
7962|21|
7962|21|
7962|21|
7962|21|
8022|4|
8022|4|
8022|4|
|2857|
|2857|
|2857|
|1230|
498392|4677|
|2422|
7167|709|
|5894|
|1579|
498392|4677|
|2793|
|18395|
7165|2919|
315576|964|
315576|964|
315576|964|
315576|964|
315576|964|
104777|1747|
240818|905|
240818|905|
240818|905|
240818|905|
240818|905|
6523|294|
6523|294|
6523|294|
6523|294|
6523|294|
135777|209|
135777|209|
44764|1137|
44764|1137|
6183|4411|
6183|4411|
44764|1137|
44764|1137|
135777|209|
44764|1137|
135777|209|
117530|2371|
|2265|
42240|1942|
|4985|
1211424|387|
159736|7314|
1211424|387|
1211424|387|
1211424|387|
272817|932|
8255|1874|
48193|71|
48193|71|
8255|1874|
8255|1874|
143350|4755|
143350|4755|
8255|1874|
163149|867|
64150|579|
48193|71|
72011|4776|
48193|71|
72011|4776|
48193|71|
8255|1874|
163149|867|
8255|1874|
8255|1874|
8255|1874|
1231918|445|
8255|1874|
8255|1874|
8255|1874|
8255|1874|
8255|1874|
143350|4755|
1231918|445|
1231918|445|
48193|71|
72011|4776|
8255|1874|
1231918|445|
8255|1874|
48193|71|
8255|1874|
8255|1874|
8255|1874|
72011|4776|
8255|1874|
48193|71|
72011|4776|
8255|1874|
72011|4776|
72011|4776|
1231918|445|
48193|71|
8255|1874|
8255|1874|
143350|4755|
8255|1874|
1231918|445|
8255|1874|
163149|867|
143350|4755|
163149|867|
163149|867|
8255|1874|
48193|71|
163149|867|
163149|867|
8255|1874|
143350|4755|
8255|1874|
8255|1874|
1231918|445|
72011|4776|
143350|4755|
48193|71|
163149|867|
72011|4776|
163149|867|
1231918|445|
1231918|445|
72011|4776|
8255|1874|
1231918|445|
72011|4776|
1231918|445|
90988|1|
13106|2|
126204|537|
|1579|
7167|709|
|18395|
50646|695|
|2422|
7165|2919|
146087|564|
6700|39|
|50|
85549|366|
85549|366|
230730|24|
|416|
6726|629|
|75|
52639|6|
34816|59|
34816|59|
34816|59|
67550|143|
34816|59|
34816|59|
34816|59|
90988|1|
28743|86|
13106|2|
13106|2|
7957|25|
8032|49|
8022|4|
8022|4|
8022|4|
8022|4|
8022|4|
8022|4|
8022|4|
8022|4|
8022|4|
8022|4|
90988|1|
13106|2|
13106|2|
8022|4|
7955|5156|
110441|142|
13106|2|
28743|86|
90988|1|
8022|4|
8022|4|
34816|59|
34816|59|
34816|59|
34816|59|
34816|59|
34816|59|
34816|59|
34816|59|
34816|59|
34816|59|
34816|59|
34816|59|
34816|59|
34816|59|
34816|59|
34816|59|
34816|59|
34816|59|
34816|59|
34816|59|
34816|59|
34816|59|
34816|59|
34816|59|
34816|59|
34816|59|
34816|59|
34816|59|
34816|59|
34816|59|
34816|59|
34816|59|
34816|59|
34816|59|
34816|59|
34816|59|
34816|59|
34816|59|
34816|59|
34816|59|
34816|59|
34816|59|
34816|59|
34816|59|
34816|59|
34816|59|
34816|59|
34816|59|
34816|59|
34816|59|
34816|59|
34816|59|
34816|59|
34816|59|
34816|59|
34816|59|
34816|59|
34816|59|
34816|59|
34816|59|
34816|59|
34816|59|
34816|59|
34816|59|
90988|1|
8022|4|
110441|142|
28743|86|
13106|2|
8022|4|
13106|2|
|4985|
59188|669|
59188|669|
59188|669|
59188|669|
59188|669|
59188|669|
59188|669|
59188|669|
59188|669|
59188|669|
59188|669|
59188|669|
59188|669|
59188|669|
59188|669|
59188|669|
59188|669|
59188|669|
59188|669|
59188|669|
59188|669|
59188|669|
59188|669|
59188|669|
59188|669|
59188|669|
59188|669|
59188|669|
59188|669|
59188|669|
59188|669|
59188|669|
59188|669|
59188|669|
59188|669|
59188|669|
59188|669|
8022|4|
104777|1747|
|3002|
6456|5348|
31243|7590|
31243|7590|
31243|7590|
31243|7590|
13106|2|
13106|2|
13106|2|
8022|4|
110441|142|
59899|113|
59899|113|
13106|2|
28743|86|
13106|2|
7957|25|
110441|142|
110441|142|
13106|2|
13106|2|
13106|2|
28743|86|
8022|4|
8022|4|
8022|4|
8022|4|
8022|4|
8022|4|
13106|2|
7998|20|
13106|2|
13106|2|
7998|20|
7998|20|
13106|2|
7998|20|
7998|20|
13106|2|
13106|2|
8030|68|
8030|68|
8030|68|
8030|68|
8030|68|
8022|4|
8022|4|
8022|4|
8022|4|
8022|4|
8022|4|
13106|2|
8022|4|
8022|4|
8022|4|
8022|4|
13106|2|
8022|4|
13106|2|
8022|4|
|5880|
110441|142|
13106|2|
28743|86|
13106|2|
13106|2|
8022|4|
8022|4|
35525|5|
110441|142|
110441|142|
13106|2|
28743|86|
13106|2|
7962|21|
8022|4|
8022|4|
8022|4|
8022|4|
6565|67|
13106|2|
110441|142|
28743|86|
13106|2|
8022|4|
13106|2|
8022|4|
85549|366|
90988|1|
8022|4|
8022|4|
110441|142|
13106|2|
28743|86|
8022|4|
13106|2|
27706|89|
67550|143|
27706|89|
270331|96|
13106|2|
13106|2|
13106|2|
13106|2|
8022|4|
52639|6|
52639|6|
13106|2|
8022|4|
8022|4|
8022|4|
8022|4|
52639|6|
8022|4|
7955|5156|
306179|53|
110441|142|
28743|86|
13106|2|
76055|409|
221654|302|
110441|142|
28743|86|
13106|2|
8022|4|
6669|8|
13106|2|
8022|4|
8022|4|
221654|302|
|74|
6763|76|
13106|2|
28743|86|
8022|4|
13106|2|
13106|2|
8022|4|
8022|4|
35525|5|
35525|5|
35525|5|
117530|2371|
35525|5|
35525|5|
117530|2371|
8355|206|
6772|745|
110441|142|
221654|302|
13106|2|
28743|86|
8078|57|
8022|4|
110441|142|
13106|2|
13106|2|
28743|86|
13106|2|
13106|2|
13106|2|
8022|4|
8022|4|
8022|4|
8022|4|
8022|4|
27778|4603|
270331|96|
270329|126|
13106|2|
13106|2|
13106|2|
6596|55|
|4662|
|4662|
|4703|
|4703|
399051|4599|
|4703|
|4662|
399051|4599|
59188|669|
399051|4599|
399051|4599|
59188|669|
238741|2208|
269057|341|
37688|10300|
37688|10300|
37688|10300|
37688|10300|
37688|10300|
37688|10300|
37688|10300|
|3002|
1282961|15996|
1282961|15996|
1282961|15996|
8022|4|
294128|52|
315709|27|
|2921|
|2921|
90988|1|
13106|2|
8022|4|
126204|537|
|5472|
283747|11781|
61662|640|
8022|4|
|4985|
1211424|387|
1211424|387|
|4633|
1211424|387|
1211424|387|
|4633|
6700|39|
35525|5|
110441|142|
59899|113|
34816|59|
80810|808|
304456|418|
13106|2|
8090|109|
28743|86|
13106|2|
8022|4|
8022|4|
8022|4|
8022|4|
197159|530|
104777|1747|
104777|1747|
691886|11020|
691886|11020|
1183213|5884|
1183213|5884|
691886|11020|
691886|11020|
1183213|5884|
691886|11020|
691886|11020|
691886|11020|
1183213|5884|
691886|11020|
691886|11020|
691886|11020|
1183213|5884|
1183213|5884|
1183213|5884|
1183213|5884|
1183213|5884|
1183213|5884|
1183213|5884|
691886|11020|
1183213|5884|
691886|11020|
29159|575|
135777|209|
135777|209|
135777|209|
135777|209|
44764|1137|
6386|532|
306179|53|
315707|7|
110441|142|
315707|7|
52639|6|
110441|142|
28743|86|
7998|20|
13106|2|
13106|2|
8022|4|
8022|4|
197159|530|
82133|10538|
110441|142|
315707|7|
13106|2|
13106|2|
28743|86|
8081|28|
13106|2|
13106|2|
13106|2|
28743|86|
13106|2|
7957|25|
8022|4|
8022|4|
8022|4|
315707|7|
13106|2|
13106|2|
8022|4|
8022|4|
110441|142|
294125|72|
52639|6|
315707|7|
34816|59|
13106|2|
13106|2|
28743|86|
13106|2|
8030|68|
8022|4|
8022|4|
8022|4|
498392|4677|
498392|4677|
3089|487|
1211424|387|
1211424|387|
1211424|387|
1211424|387|
|75|
52639|6|
315707|7|
13106|2|
13106|2|
8022|4|
8022|4|
1211424|387|
1211424|387|
1211424|387|
|2295|
|2295|
|2295|
1211424|387|
|2295|
59899|113|
93621|352|
59899|113|
85549|366|
110441|142|
13106|2|
28743|86|
13106|2|
13106|2|
8022|4|
8022|4|
52639|6|
52639|6|
13106|2|
13106|2|
13106|2|
8022|4|
110441|142|
13106|2|
28743|86|
90988|1|
13106|2|
13106|2|
8022|4|
8022|4|
8022|4|
110441|142|
28743|86|
13106|2|
13106|2|
13106|2|
8022|4|
8022|4|
13106|2|
13106|2|
8022|4|
8022|4|
|4985|
|4985|
272817|932|
110441|142|
|75|
110441|142|
7936|574|
8255|1874|
7936|574|
8255|1874|
59899|113|
7936|574|
7936|574|
7936|574|
7936|574|
7936|574|
8255|1874|
8255|1874|
8255|1874|
8255|1874|
7936|574|
7936|574|
857619|5674|
7936|574|
7936|574|
7936|574|
7936|574|
7936|574|
8255|1874|
8255|1874|
7936|574|
8255|1874|
59899|113|
8255|1874|
8255|1874|
8255|1874|
7936|574|
857619|5674|
7955|5156|
90988|1|
8081|28|
90988|1|
7955|5156|
13106|2|
90988|1|
7955|5156|
90988|1|
7955|5156|
13106|2|
90988|1|
90988|1|
13106|2|
13106|2|
90988|1|
90988|1|
7955|5156|
8081|28|
13106|2|
90988|1|
90988|1|
90988|1|
7962|21|
7962|21|
8022|4|
8022|4|
8022|4|
8022|4|
8022|4|
|5894|
104777|1747|
104777|1747|
104777|1747|
104777|1747|
146087|564|
13106|2|
8022|4|
6526|577|
6526|577|
110441|142|
28743|86|
13106|2|
8022|4|
59188|669|
59188|669|
59188|669|
59188|669|
85549|366|
85549|366|
85549|366|
85549|366|
35525|5|
35525|5|
35525|5|
10195|345|
104777|1747|
104777|1747|
10195|345|
10195|345|
104777|1747|
110441|142|
28743|86|
13106|2|
8022|4|
8022|4|
8022|4|
85549|366|
|5894|
8022|4|
85549|366|
7998|20|
8022|4|
52404|5181|
45954|218|
45954|218|
13106|2|
8022|4|
85549|366|
13106|2|
13106|2|
8022|4|
8022|4|
13106|2|
7998|20|
13106|2|
28743|86|
8022|4|
35525|5|
90988|1|
7998|20|
8022|4|
52404|5181|
45954|218|
45954|218|
13106|2|
6763|76|
110441|142|
221654|302|
35525|5|
35525|5|
28743|86|
13106|2|
8038|3|
28743|86|
13106|2|
13106|2|
13106|2|
8022|4|
8022|4|
8022|4|
8022|4|
8022|4|
8022|4|
8022|4|
8022|4|
110441|142|
28743|86|
13106|2|
13106|2|
13106|2|
13106|2|
8022|4|
8022|4|
|94|
|94|
|94|
|94|
85549|366|
59188|669|
10195|345|
104777|1747|
13106|2|
13106|2|
8022|4|
8022|4|
8022|4|
117530|2371|
90988|1|
8022|4|
42240|1942|
85549|366|
|75|
315707|7|
221654|302|
|74|
52639|6|
27706|89|
33528|16|
30962|34|
90988|1|
13106|2|
13106|2|
238744|375|
13106|2|
13106|2|
8022|4|
8022|4|
8022|4|
270884|9942|
34816|59|
34816|59|
34816|59|
34816|59|
34816|59|
34816|59|
34816|59|
34816|59|
34816|59|
34816|59|
34816|59|
34816|59|
34816|59|
34816|59|
34816|59|
34816|59|
34816|59|
34816|59|
34816|59|
34816|59|
34816|59|
34816|59|
34816|59|
34816|59|
34816|59|
34816|59|
34816|59|
34816|59|
34816|59|
34816|59|
34816|59|
34816|59|
34816|59|
34816|59|
34816|59|
34816|59|
34816|59|
34816|59|
34816|59|
34816|59|
34816|59|
34816|59|
34816|59|
34816|59|
34816|59|
34816|59|
34816|59|
34816|59|
34816|59|
34816|59|
34816|59|
34816|59|
34816|59|
34816|59|
34816|59|
34816|59|
34816|59|
34816|59|
34816|59|
8022|4|
8022|4|
8022|4|
8022|4|
90988|1|
8081|28|
35525|5|
90988|1|
110441|142|
35525|5|
7955|5156|
7955|5156|
28743|86|
8022|4|
8022|4|
8081|28|
7957|25|
7962|21|
8022|4|
6526|577|
8022|4|
8022|4|
8022|4|
34816|59|
34816|59|
223992|5671|
|4985|
|4985|
110441|142|
67550|143|
313238|2243|
59899|113|
27778|4603|
28743|86|
13106|2|
13106|2|
13106|2|
90988|1|
7957|25|
8022|4|
8022|4|
8022|4|
8022|4|
6772|745|
315707|7|
110441|142|
13106|2|
28743|86|
13106|2|
13106|2|
7957|25|
8022|4|
8022|4|
8022|4|
8022|4|
110441|142|
110441|142|
13106|2|
28743|86|
13106|2|
7998|20|
8022|4|
315707|7|
110441|142|
33528|16|
13106|2|
13106|2|
13106|2|
13106|2|
28743|86|
13106|2|
7957|25|
7957|25|
7957|25|
8022|4|
8022|4|
8022|4|
8022|4|
8022|4|
238741|2208|
238741|2208|
269057|341|
8022|4|
110441|142|
13106|2|
28743|86|
90988|1|
90988|1|
13106|2|
7957|25|
8022|4|
8022|4|
8022|4|
13106|2|
110441|142|
13106|2|
28743|86|
13106|2|
13106|2|
8022|4|
8022|4|
8022|4|
34816|59|
34816|59|
34816|59|
34816|59|
34816|59|
34816|59|
34816|59|
34816|59|
34816|59|
35525|5|
35525|5|
35525|5|
8081|28|
8081|28|
7962|21|
7962|21|
7962|21|
8022|4|
7175|210|
6526|577|
6526|577|
6526|577|
157968|10612|
6526|577|
6526|577|
6526|577|
6526|577|
6526|577|
6526|577|
157968|10612|
6386|532|
110441|142|
35525|5|
13106|2|
13106|2|
13106|2|
13106|2|
13106|2|
28743|86|
13106|2|
13106|2|
8022|4|
8022|4|
8022|4|
315576|964|
110441|142|
110441|142|
110441|142|
13106|2|
28743|86|
13106|2|
28743|86|
28743|86|
7957|25|
8022|4|
8022|4|
13106|2|
8022|4|
8022|4|
6772|745|
|75|
13106|2|
8022|4|
8022|4|
6660|421|
6660|421|
6660|421|
6660|421|
13106|2|
110441|142|
110441|142|
110441|142|
28743|86|
28743|86|
90988|1|
13106|2|
13106|2|
8032|49|
8022|4|
8022|4|
8022|4|
13106|2|
13106|2|
8022|4|
8022|4|
491138|11|
8262|129|
13106|2|
13106|2|
8022|4|
8022|4|
|4985|
33528|16|
13106|2|
8022|4|
13106|2|
117530|2371|
90988|1|
90988|1|
90988|1|
|4985|
315707|7|
33528|16|
13106|2|
13106|2|
8022|4|
8022|4|
8022|4|
8022|4|
85549|366|
8019|23|
8019|23|
8019|23|
13106|2|
90988|1|
8022|4|
110441|142|
315707|7|
28743|86|
8022|4|
34816|59|
|4985|
35525|5|
35525|5|
90988|1|
90988|1|
90988|1|
90988|1|
90988|1|
35525|5|
35525|5|
90988|1|
90988|1|
90988|1|
90988|1|
90988|1|
79674|648|
79674|648|
79674|648|
79674|648|
79674|648|
79674|648|
79674|648|
79674|648|
35525|5|
35525|5|
13106|2|
90988|1|
8022|4|
86242|4753|
86242|4753|
|2982|
86242|4753|
|2982|
86242|4753|
86242|4753|
86242|4753|
86242|4753|
35525|5|
35525|5|
90988|1|
90988|1|
90988|1|
90988|1|
90988|1|
35525|5|
90988|1|
35525|5|
35525|5|
90988|1|
90988|1|
90988|1|
90988|1|
90988|1|
1220549|771|
1220549|771|
1220549|771|
1220549|771|
1220549|771|
110441|142|
28743|86|
13106|2|
13106|2|
|2851|
|4697|
|2133|
|2133|
337539|308|
8127|134|
337539|308|
8127|134|
|2133|
337539|308|
|2133|
337539|308|
13106|2|
8022|4|
8022|4|
8022|4|
92525|609|
92525|609|
92525|609|
92525|609|
92525|609|
52638|2258|
52638|2258|
52638|2258|
52638|2258|
52638|2258|
104777|1747|
10195|345|
104777|1747|
|4777|
|4777|
|4777|
|4777|
6523|294|
6523|294|
6523|294|
6523|294|
6523|294|
3089|487|
|1075|
|1075|
|1075|
|1075|
|1075|
|1075|
|1075|
|1075|
|1075|
|1075|
|1075|
|1075|
|1075|
|1075|
|1075|
|1075|
|1075|
|1075|
|1075|
|1075|
|1075|
|1075|
|1075|
|1075|
|1075|
|1075|
|1075|
|1075|
|1075|
|1075|
|1075|
|1075|
|1075|
|1075|
|1075|
|1075|
308528|10709|
308528|10709|
308528|10709|
308528|10709|
13106|2|
8022|4|
117530|2371|
13106|2|
13106|2|
13106|2|
13106|2|
13106|2|
8022|4|
8022|4|
8022|4|
8022|4|
8022|4|
|75|
110441|142|
6763|76|
28743|86|
13106|2|
8022|4|
8022|4|
6565|67|
13106|2|
13106|2|
90988|1|
13106|2|
8022|4|
8022|4|
8022|4|
27778|4603|
8167|38|
63170|668|
30879|128|
147949|106|
219545|133|
|137|
27706|89|
90988|1|
201691|30|
8038|3|
201691|30|
13106|2|
7998|20|
13106|2|
7971|283|
13106|2|
13106|2|
13106|2|
7957|25|
7962|21|
7962|21|
8032|49|
8019|23|
8019|23|
8019|23|
8019|23|
8022|4|
8022|4|
8022|4|
8022|4|
7757|84|
7757|84|
197159|530|
6183|4411|
6183|4411|
6183|4411|
8038|3|
13106|2|
8022|4|
|2921|
35525|5|
|2921|
|2921|
35525|5|
|2921|
|4620|
1450415|4619|
|4620|
|2921|
|2921|
|2921|
|2921|
35525|5|
|2921|
1450415|4619|
8081|28|
6386|532|
69811|146|
69811|146|
7175|210|
35525|5|
90988|1|
90988|1|
90988|1|
7962|21|
7962|21|
|1183|
|4985|
|4633|
85549|366|
|213|
|213|
|213|
|4633|
91585|4652|
6728|102|
|4633|
|4633|
|213|
|75|
315709|27|
|75|
93621|352|
93621|352|
8127|134|
64144|351|
304456|418|
59899|113|
|481|
13106|2|
238744|375|
90988|1|
13106|2|
13106|2|
13106|2|
238744|375|
238744|375|
13106|2|
7962|21|
7962|21|
7957|25|
7962|21|
8022|4|
8022|4|
8022|4|
8022|4|
|5667|
2058789|5663|
29159|575|
29965|339|
221654|302|
13106|2|
13106|2|
13106|2|
8022|4|
1871349|1480|
110441|142|
13106|2|
13106|2|
13106|2|
28743|86|
8022|4|
8022|4|
8022|4|
|4985|
35525|5|
13106|2|
13106|2|
8022|4|
8022|4|
13106|2|
13106|2|
8022|4|
8022|4|
29159|575|
35525|5|
35525|5|
110441|142|
35525|5|
35525|5|
35525|5|
35525|5|
27778|4603|
13106|2|
28743|86|
7957|25|
8022|4|
8022|4|
8022|4|
13106|2|
|4985|
|4985|
315709|27|
315709|27|
315709|27|
13106|2|
13106|2|
13106|2|
8022|4|
8022|4|
8022|4|
8022|4|
110441|142|
13106|2|
13106|2|
28743|86|
13106|2|
8022|4|
8022|4|
|4985|
|75|
7998|20|
7998|20|
7998|20|
7998|20|
13106|2|
28743|86|
69293|97|
13106|2|
7998|20|
7998|20|
7998|20|
13106|2|
13106|2|
69293|97|
13106|2|
13106|2|
7962|21|
8022|4|
8022|4|
8022|4|
8022|4|
8022|4|
8022|4|
8022|4|
8022|4|
8022|4|
8022|4|
8022|4|
8022|4|
681888|5438|
681888|5438|
681888|5438|
13013|2079|
13013|2079|
681888|5438|
13013|2079|
13013|2079|
13106|2|
7962|21|
8022|4|
8022|4|
73031|586|
73031|586|
85549|366|
|416|
6772|745|
|74|
35525|5|
67550|143|
28743|86|
90988|1|
13106|2|
13106|2|
59837|110|
13106|2|
7962|21|
8032|49|
7957|25|
7962|21|
7962|21|
8022|4|
8022|4|
|3002|
|3002|
|3002|
6772|745|
52639|6|
221654|302|
28743|86|
13106|2|
8022|4|
8022|4|
13106|2|
13106|2|
13106|2|
90988|1|
13106|2|
8022|4|
8022|4|
8022|4|
8022|4|
13106|2|
|4985|
|4985|
13106|2|
13106|2|
8022|4|
8022|4|
8022|4|
|4985|
221654|302|
221654|302|
269057|341|
269057|341|
8022|4|
8022|4|
8022|4|
8022|4|
8022|4|
8022|4|
8022|4|
52639|6|
13106|2|
90988|1|
13106|2|
8022|4|
8022|4|
52639|6|
110441|142|
33528|16|
13106|2|
28743|86|
13106|2|
13106|2|
7957|25|
8022|4|
8022|4|
221654|302|
269057|341|
13106|2|
13106|2|
8022|4|
8022|4|
13106|2|
13106|2|
8022|4|
7957|25|
8022|4|
110441|142|
28743|86|
13106|2|
13106|2|
13106|2|
8022|4|
8022|4|
8022|4|
13106|2|
8022|4|
8407|904|
6772|745|
|75|
7998|20|
13106|2|
7998|20|
8078|57|
13106|2|
13106|2|
8022|4|
8022|4|
|4985|
6700|39|
|50|
90988|1|
13106|2|
269057|341|
13106|2|
13106|2|
8022|4|
315707|7|
33528|16|
13106|2|
28743|86|
13106|2|
13106|2|
13106|2|
13106|2|
8022|4|
8022|4|
8022|4|
8022|4|
8022|4|
8022|4|
28379|247|
52639|6|
|74|
13106|2|
13106|2|
7998|20|
13106|2|
13106|2|
7998|20|
28743|86|
7998|20|
8022|4|
8022|4|
8022|4|
8022|4|
8022|4|
8022|4|
8022|4|
6700|39|
197206|6060|
13106|2|
13106|2|
8022|4|
8022|4|
8022|4|
8022|4|
8022|4|
584722|752|
|1618|
|75|
110441|142|
13106|2|
13106|2|
13106|2|
13106|2|
13106|2|
13106|2|
28743|86|
8022|4|
8022|4|
8022|4|
8022|4|
8022|4|
8022|4|
13106|2|
8022|4|
315707|7|
52639|6|
13106|2|
13106|2|
8022|4|
8022|4|
13106|2|
13106|2|
8022|4|
110441|142|
13106|2|
28743|86|
8022|4|
110441|142|
13106|2|
28743|86|
13106|2|
13106|2|
8022|4|
8022|4|
6772|745|
52639|6|
110441|142|
67550|143|
13106|2|
28743|86|
13106|2|
8022|4|
8022|4|
70895|1288|
6964|1375|
110441|142|
110441|142|
28743|86|
28743|86|
13106|2|
90988|1|
8022|4|
8022|4|
8022|4|
13106|2|
|4985|
|4633|
|4633|
|4633|
|4633|
|4633|
|4633|
|4633|
|4633|
110441|142|
110441|142|
110441|142|
52639|6|
34816|59|
27778|4603|
33528|16|
313238|2243|
34816|59|
13106|2|
13106|2|
13106|2|
13106|2|
7998|20|
90988|1|
28743|86|
28743|86|
13106|2|
28743|86|
13106|2|
7998|20|
7962|21|
7957|25|
74940|22|
8022|4|
8022|4|
8022|4|
8022|4|
8022|4|
8022|4|
13106|2|
8022|4|
13106|2|
8022|4|
13106|2|
8038|3|
8022|4|
8022|4|
13106|2|
13106|2|
8022|4|
8022|4|
13106|2|
8022|4|
13106|2|
13106|2|
13106|2|
8022|4|
8022|4|
8022|4|
64150|579|
13106|2|
13106|2|
8022|4|
6772|745|
221654|302|
13106|2|
13106|2|
28743|86|
7957|25|
7962|21|
8022|4|
8022|4|
8022|4|
13106|2|
8022|4|
8022|4|
13106|2|
110441|142|
28743|86|
13106|2|
8022|4|
8022|4|
110441|142|
28743|86|
13106|2|
28743|86|
13106|2|
8022|4|
8022|4|
6772|745|
|75|
13106|2|
7998|20|
|4985|
13106|2|
13106|2|
8022|4|
8022|4|
110441|142|
28743|86|
8022|4|
|18447|
|4985|
13106|2|
90988|1|
8022|4|
8022|4|
8022|4|
6772|745|
6772|745|
|75|
|75|
13106|2|
7998|20|
28745|101|
7955|5156|
8022|4|
8022|4|
110441|142|
28743|86|
13106|2|
8022|4|
8022|4|
8022|4|
1211424|387|
1211424|387|
94943|2350|
1211424|387|
1211424|387|
|75|
304456|418|
33528|16|
64144|351|
13106|2|
13106|2|
76055|409|
7962|21|
8022|4|
8022|4|
8022|4|
240818|905|
|4985|
|4985|
110441|142|
13106|2|
28743|86|
8022|4|
8022|4|
8022|4|
8022|4|
8022|4|
13106|2|
8022|4|
13106|2|
13106|2|
8022|4|
13106|2|
8022|4|
8022|4|
8022|4|
8022|4|
13106|2|
8022|4|
8022|4|
13106|2|
13106|2|
13106|2|
13106|2|
13106|2|
8022|4|
8022|4|
8022|4|
35525|5|
|4985|
6728|102|
42846|170|
6728|102|
77651|973|
42846|170|
6728|102|
|5880|
77651|973|
6728|102|
221654|302|
35525|5|
221654|302|
35525|5|
221654|302|
221654|302|
221654|302|
110441|142|
35525|5|
221654|302|
35525|5|
221654|302|
221654|302|
52641|372|
52641|372|
221654|302|
134920|2197|
238741|2208|
34816|59|
238741|2208|
134920|2197|
13106|2|
13106|2|
13106|2|
90988|1|
69293|97|
13106|2|
28743|86|
13106|2|
90988|1|
238744|375|
269057|341|
69293|97|
8022|4|
8022|4|
7176|397|
6961|1129|
7176|397|
7192|1173|
7176|397|
|5894|
7176|397|
1545103|858|
41030|1647|
|5719|
197152|157|
1545103|858|
136726|1843|
178295|676|
204562|3015|
7176|397|
7176|397|
197152|157|
7176|397|
7159|230|
315576|964|
315576|964|
104777|1747|
135777|209|
135777|209|
135777|209|
135777|209|
31243|7590|
31243|7590|
31243|7590|
31243|7590|
110441|142|
13106|2|
13106|2|
13106|2|
13106|2|
8022|4|
8022|4|
8022|4|
8022|4|
8022|4|
13106|2|
13106|2|
13106|2|
28743|86|
13106|2|
8022|4|
8022|4|
8081|28|
6386|532|
35525|5|
8081|28|
6386|532|
13106|2|
13106|2|
13106|2|
13106|2|
8022|4|
8022|4|
8022|4|
117530|2371|
294128|52|
117530|2371|
294128|52|
117530|2371|
294128|52|
90988|1|
90988|1|
90988|1|
126592|4567|
126592|4567|
126592|4567|
126592|4567|
126592|4567|
126592|4567|
126592|4567|
126592|4567|
126592|4567|
126592|4567|
126592|4567|
126592|4567|
126592|4567|
126592|4567|
126592|4567|
126592|4567|
126592|4567|
126592|4567|
126592|4567|
126592|4567|
126592|4567|
126592|4567|
126592|4567|
126592|4567|
126592|4567|
126592|4567|
126592|4567|
126592|4567|
126592|4567|
126592|4567|
126592|4567|
126592|4567|
126592|4567|
126592|4567|
126592|4567|
126592|4567|
61662|640|
61662|640|
61662|640|
6772|745|
221654|302|
13106|2|
8022|4|
90988|1|
13106|2|
8022|4|
8022|4|
53306|763|
52639|6|
|75|
8127|134|
8127|134|
34816|59|
8127|134|
28743|86|
13106|2|
13106|2|
13106|2|
13106|2|
28743|86|
28743|86|
13106|2|
8022|4|
8022|4|
8022|4|
8022|4|
8022|4|
8022|4|
8022|4|
7175|210|
329105|1670|
310513|2090|
|2422|
7175|210|
7176|397|
7163|1203|
7176|397|
|5894|
7167|709|
7175|210|
7175|210|
7175|210|
310513|2090|
7175|210|
310513|2090|
|228|
228917|2471|
310513|2090|
7175|210|
7175|210|
310513|2090|
7175|210|
7163|1203|
310513|2090|
7176|397|
329102|2364|
38742|651|
7175|210|
|1579|
310513|2090|
310513|2090|
|18395|
310513|2090|
|4651|
7176|397|
7175|210|
228917|2471|
310513|2090|
7165|2919|
7160|1770|
117530|2371|
117530|2371|
117530|2371|
8022|4|
13106|2|
35525|5|
90988|1|
13106|2|
8022|4|
|4985|
7955|5156|
8022|4|
|4985|
8022|4|
|4985|
110441|142|
28743|86|
13106|2|
13106|2|
13106|2|
8022|4|
|4985|
13106|2|
8022|4|
13106|2|
13106|2|
8022|4|
8022|4|
13106|2|
8022|4|
|4985|
|5719|
13106|2|
8022|4|
|4985|
|4985|
13106|2|
6772|745|
221654|302|
|75|
13106|2|
13106|2|
13106|2|
90988|1|
28743|86|
13106|2|
90988|1|
269057|341|
8022|4|
8022|4|
13106|2|
8022|4|
90988|1|
90988|1|
13106|2|
8022|4|
8022|4|
13106|2|
13106|2|
13106|2|
8022|4|
8022|4|
35525|5|
8081|28|
6386|532|
13106|2|
8022|4|
8022|4|
8022|4|
8022|4|
8022|4|
110441|142|
13106|2|
13106|2|
13106|2|
28743|86|
13106|2|
8022|4|
8022|4|
8022|4|
8022|4|
90988|1|
6772|745|
|75|
13106|2|
13106|2|
13106|2|
13106|2|
13106|2|
8022|4|
8022|4|
8022|4|
8022|4|
13106|2|
8022|4|
34816|59|
34816|59|
34816|59|
34816|59|
34816|59|
85549|366|
7955|5156|
13106|2|
13106|2|
8022|4|
8022|4|
13106|2|
7998|20|
90988|1|
8022|4|
|74|
|75|
6726|629|
432397|14|
432397|14|
7998|20|
59837|110|
13106|2|
7957|25|
8022|4|
|5894|
|228|
13106|2|
13106|2|
13106|2|
8022|4|
|75|
13106|2|
269057|341|
90988|1|
8022|4|
|75|
238744|375|
13106|2|
8022|4|
6772|745|
294125|72|
8077|458|
28743|86|
13106|2|
13106|2|
7957|25|
7962|21|
8022|4|
8022|4|
8022|4|
|4985|
110441|142|
13106|2|
8022|4|
13106|2|
8022|4|
|4985|
110441|142|
13106|2|
13106|2|
13106|2|
13106|2|
28743|86|
8022|4|
8022|4|
8022|4|
13106|2|
8022|4|
13106|2|
8022|4|
85549|366|
7159|230|
28745|101|
8022|4|
|2295|
|2295|
|2295|
|2295|
304456|418|
35525|5|
90988|1|
110441|142|
110441|142|
28743|86|
13106|2|
28743|86|
8022|4|
110441|142|
90988|1|
90988|1|
13106|2|
13106|2|
13106|2|
28743|86|
7998|20|
90988|1|
8019|23|
8022|4|
8022|4|
52404|5181|
45954|218|
45954|218|
8022|4|
8022|4|
|4985|
110441|142|
28743|86|
13106|2|
13106|2|
7957|25|
8022|4|
8022|4|
13106|2|
7998|20|
8022|4|
52404|5181|
45954|218|
45954|218|
7982|5610|
7982|5610|
7982|5610|
7982|5610|
7982|5610|
7982|5610|
7959|201|
85549|366|
|1009|
85549|366|
|1009|
|2921|
7957|25|
8022|4|
73031|586|
73031|586|
|1009|
|1009|
85549|366|
85549|366|
93621|352|
54343|293|
93621|352|
54343|293|
54343|293|
54343|293|
7962|21|
7962|21|
7962|21|
7962|21|
7962|21|
7962|21|
7962|21|
73031|586|
73031|586|
32278|4580|
32278|4580|
32278|4580|
28743|86|
315709|27|
13106|2|
238744|375|
90988|1|
8022|4|
90988|1|
|1009|
1169710|2997|
6821|1044|
85549|366|
6821|1044|
6821|1044|
|1009|
6821|1044|
85549|366|
1042268|4612|
72011|4776|
1231918|445|
72011|4776|
143350|4755|
1231918|445|
72011|4776|
143350|4755|
1231918|445|
163149|867|
48193|71|
72011|4776|
48193|71|
72011|4776|
48193|71|
143350|4755|
211834|9944|
143350|4755|
163149|867|
72011|4776|
143350|4755|
72011|4776|
1231918|445|
143350|4755|
48193|71|
48193|71|
143350|4755|
211834|9944|
48193|71|
72011|4776|
143350|4755|
8190|2146|
48193|71|
163149|867|
72011|4776|
143350|4755|
72011|4776|
163149|867|
1231918|445|
143350|4755|
211834|9944|
1231918|445|
143350|4755|
72011|4776|
163149|867|
143350|4755|
48193|71|
163149|867|
163149|867|
143350|4755|
163149|867|
143350|4755|
1231918|445|
1231918|445|
163149|867|
72011|4776|
143350|4755|
1231918|445|
143350|4755|
143350|4755|
1231918|445|
143350|4755|
143350|4755|
163149|867|
8190|2146|
48193|71|
72011|4776|
163149|867|
1231918|445|
143350|4755|
72011|4776|
72011|4776|
143350|4755|
1231918|445|
1231918|445|
163149|867|
1231918|445|
48193|71|
143350|4755|
72011|4776|
211834|9944|
143350|4755|
143350|4755|
143350|4755|
143350|4755|
48193|71|
143350|4755|
1231918|445|
72011|4776|
72011|4776|
72011|4776|
48193|71|
90988|1|
90988|1|
90988|1|
90988|1|
90988|1|
90988|1|
90988|1|
90988|1|
7962|21|
7962|21|
7962|21|
8022|4|
8022|4|
8022|4|
8022|4|
8022|4|
8022|4|
8022|4|
8022|4|
8022|4|
8022|4|
8022|4|
8022|4|
911379|1521|
911379|1521|
911379|1521|
911379|1521|
911379|1521|
911379|1521|
104777|1747|
1948877|5877|
73031|586|
73031|586|
85549|366|
|1009|
|1009|
85549|366|
90988|1|
104777|1747|
73031|586|
73031|586|
6821|1044|
6821|1044|
1220549|771|
6821|1044|
1220549|771|
85549|366|
|1009|
1220549|771|
6821|1044|
1220549|771|
6821|1044|
6821|1044|
1220549|771|
85549|366|
|1009|
35525|5|
35525|5|
35525|5|
35525|5|
35525|5|
35525|5|
35525|5|
35525|5|
35525|5|
35525|5|
35525|5|
35525|5|
35525|5|
35525|5|
35525|5|
35525|5|
294128|52|
35525|5|
35525|5|
35525|5|
35525|5|
35525|5|
35525|5|
35525|5|
35525|5|
35525|5|
35525|5|
35525|5|
683832|422|
8190|2146|
683832|422|
683832|422|
683832|422|
683832|422|
8190|2146|
90988|1|
7998|20|
7998|20|
13106|2|
90988|1|
90988|1|
90988|1|
90988|1|
7998|20|
90988|1|
90988|1|
7998|20|
13106|2|
7998|20|
7998|20|
13106|2|
13106|2|
7998|20|
13106|2|
7998|20|
90988|1|
8019|23|
8019|23|
8019|23|
8019|23|
8019|23|
8019|23|
8019|23|
8019|23|
8019|23|
8019|23|
8019|23|
8019|23|
8019|23|
8019|23|
8019|23|
8019|23|
8019|23|
8019|23|
8019|23|
8019|23|
8019|23|
8019|23|
8019|23|
8019|23|
8019|23|
8022|4|
8022|4|
8022|4|
8022|4|
8022|4|
8022|4|
8022|4|
8022|4|
8022|4|
8022|4|
8022|4|
8022|4|
8022|4|
8022|4|
8022|4|
104777|1747|
1948877|5877|
73031|586|
73031|586|
6386|532|
6386|532|
6386|532|
6386|532|
6386|532|
6386|532|
6386|532|
6386|532|
8400|812|
8400|812|
8400|812|
85549|366|
|1009|
|1009|
85549|366|
|5399|
|5399|
|5399|
8190|2146|
8190|2146|
13106|2|
7962|21|
1948877|5877|
73031|586|
73031|586|
35525|5|
35525|5|
90988|1|
90988|1|
90988|1|
90988|1|
90988|1|
8355|206|
|2851|
|4697|
6669|8|
6669|8|
6669|8|
6669|8|
13013|2079|
13013|2079|
13013|2079|
13013|2079|
13013|2079|
13013|2079|
13013|2079|
13013|2079|
13013|2079|
13013|2079|
13013|2079|
13013|2079|
13013|2079|
13013|2079|
13013|2079|
13013|2079|
|4765|
5960|4710|
413472|4422|
|4421|
1090525|4429|
5927|410|
5885|1165|
6550|208|
6550|208|
143526|357|
143526|357|
143526|357|
143526|357|
143526|357|
143526|357|
7998|20|
8022|4|
52404|5181|
45954|218|
45954|218|
34816|59|
3077|479|
3089|487|
190276|4641|
190276|4641|
161924|3045|
161924|3045|
161924|3045|
161924|3045|
161924|3045|
|2851|
161924|3045|
59188|669|
59188|669|
|4697|
345020|5935|
345020|5935|
345020|5935|
161924|3045|
161924|3045|
345020|5935|
161924|3045|
161924|3045|
345020|5935|
8128|485|
64144|351|
93621|352|
7962|21|
37688|10300|
37688|10300|
5960|4710|
37688|10300|
37688|10300|
413472|4422|
1090525|4429|
5927|410|
5885|1165|
37688|10300|
37688|10300|
|4421|
37688|10300|
37688|10300|
|4765|
74491|1791|
74491|1791|
74491|1791|
74491|1791|
74491|1791|
74491|1791|
74491|1791|
74491|1791|
74491|1791|
74491|1791|
74491|1791|
74491|1791|
74491|1791|
74491|1791|
74491|1791|
74491|1791|
74491|1791|
74491|1791|
74491|1791|
74491|1791|
74491|1791|
74491|1791|
74491|1791|
74491|1791|
74491|1791|
74491|1791|
6689|11779|
6689|11779|
6689|11779|
6689|11779|
6689|11779|
6689|11779|
13106|2|
13106|2|
8022|4|
34816|59|
|4827|
349668|4631|
184440|2844|
33514|4640|
173342|136|
177864|4398|
177864|4398|
177864|4398|
177864|4398|
177864|4398|
177864|4398|
34815|3038|
34815|3038|
34815|3038|
8355|206|
117530|2371|
117530|2371|
117530|2371|
117530|2371|
8355|206|
345020|5935|
|4697|
|2851|
35525|5|
35525|5|
93621|352|
28743|86|
90988|1|
269057|341|
269057|341|
269057|341|
269057|341|
90988|1|
90988|1|
90988|1|
90988|1|
28743|86|
7962|21|
7962|21|
7962|21|
7962|21|
7962|21|
7962|21|
7962|21|
7962|21|
5960|4710|
413472|4422|
|4765|
|4421|
5927|410|
5885|1165|
1090525|4429|
143526|357|
143526|357|
143526|357|
143526|357|
143526|357|
143526|357|
117530|2371|
117530|2371|
117530|2371|
117530|2371|
117530|2371|
117530|2371|
117530|2371|
35525|5|
117530|2371|
117530|2371|
117530|2371|
117530|2371|
117530|2371|
117530|2371|
117530|2371|
117530|2371|
117530|2371|
117530|2371|
117530|2371|
37273|4393|
59899|113|
13106|2|
8022|4|
13106|2|
8022|4|
6660|421|
139456|3044|
6660|421|
139456|3044|
139456|3044|
71413|5499|
139456|3044|
71413|5499|
6660|421|
71413|5499|
6660|421|
71413|5499|
71413|5499|
139456|3044|
139456|3044|
139456|3044|
6660|421|
71413|5499|
6660|421|
71413|5499|
71413|5499|
139456|3044|
71413|5499|
139456|3044|
71413|5499|
139456|3044|
71413|5499|
6660|421|
71413|5499|
139456|3044|
71413|5499|
71413|5499|
6660|421|
139456|3044|
71413|5499|
71413|5499|
13106|2|
8022|4|
10195|345|
10195|345|
10195|345|
10195|345|
31199|710|
31199|710|
31199|710|
13106|2|
13106|2|
8022|4|
8022|4|
13106|2|
8022|4|
177864|4398|
117530|2371|
117530|2371|
110441|142|
117530|2371|
117530|2371|
117530|2371|
117530|2371|
13106|2|
13106|2|
28743|86|
13106|2|
13106|2|
8022|4|
8022|4|
8022|4|
8022|4|
13106|2|
13106|2|
8022|4|
8022|4|
315707|7|
|4985|
110441|142|
13106|2|
13106|2|
8022|4|
8022|4|
8355|206|
150844|901|
150844|901|
294128|52|
294128|52|
117530|2371|
117530|2371|
294128|52|
117530|2371|
90988|1|
90988|1|
90988|1|
7962|21|
7962|21|
7962|21|
7962|21|
61662|640|
61662|640|
61662|640|
59188|669|
85549|366|
7962|21|
7962|21|
7962|21|
7962|21|
8022|4|
104777|1747|
10195|345|
313441|1632|
313441|1632|
313441|1632|
313441|1632|
337539|308|
34816|59|
337539|308|
337539|308|
34816|59|
34816|59|
34816|59|
34816|59|
7998|20|
13106|2|
13106|2|
13106|2|
8022|4|
8022|4|
52404|5181|
45954|218|
45954|218|
13106|2|
8022|4|
|4703|
161924|3045|
308528|10709|
161924|3045|
161924|3045|
|5880|
308528|10709|
139456|3044|
139456|3044|
399051|4599|
399051|4599|
161924|3045|
161924|3045|
59188|669|
399051|4599|
59188|669|
161924|3045|
161924|3045|
139456|3044|
|4662|
161924|3045|
161924|3045|
139456|3044|
308528|10709|
399051|4599|
139456|3044|
139456|3044|
|4703|
399051|4599|
139456|3044|
139456|3044|
161924|3045|
139456|3044|
139456|3044|
|5880|
|4662|
150844|901|
|5880|
|5880|
|5880|
|4662|
|4703|
161924|3045|
|4703|
|4662|
139456|3044|
399051|4599|
161924|3045|
308528|10709|
|4662|
161924|3045|
399051|4599|
|4662|
161924|3045|
|4703|
|4703|
399051|4599|
161924|3045|
|5880|
139456|3044|
150844|901|
294128|52|
294128|52|
294128|52|
117530|2371|
117530|2371|
117530|2371|
35525|5|
35525|5|
103479|407|
683832|422|
8127|134|
683832|422|
93621|352|
683832|422|
29144|386|
|2133|
37003|1517|
93621|352|
|2133|
683832|422|
103479|407|
103479|407|
|2133|
37003|1517|
683832|422|
103479|407|
93621|352|
93621|352|
683832|422|
683832|422|
683832|422|
683832|422|
|2133|
90988|1|
90988|1|
8078|57|
90988|1|
90988|1|
90988|1|
90988|1|
90988|1|
90988|1|
8022|4|
|5876|
73031|586|
73031|586|
73031|586|
73031|586|
73031|586|
73031|586|
73031|586|
61662|640|
61662|640|
61662|640|
110441|142|
28743|86|
13106|2|
8022|4|
13106|2|
8022|4|
|75|
13106|2|
8022|4|
110441|142|
28743|86|
110441|142|
13106|2|
13106|2|
13106|2|
13106|2|
13106|2|
13106|2|
13106|2|
28743|86|
8022|4|
8022|4|
8022|4|
8022|4|
8022|4|
8022|4|
|2851|
|4697|
35525|5|
117530|2371|
35525|5|
117530|2371|
294128|52|
117530|2371|
294128|52|
294128|52|
90988|1|
90988|1|
90988|1|
90988|1|
90988|1|
90988|1|
90988|1|
90988|1|
61662|640|
61662|640|
61662|640|
59188|669|
32278|4580|
161924|3045|
85549|366|
59188|669|
32278|4580|
79674|648|
59188|669|
59188|669|
59188|669|
|4633|
59188|669|
59188|669|
59188|669|
85549|366|
308528|10709|
59188|669|
59188|669|
59188|669|
59188|669|
59188|669|
59188|669|
139456|3044|
139456|3044|
59188|669|
59188|669|
59188|669|
161924|3045|
345020|5935|
59188|669|
59188|669|
59188|669|
161924|3045|
85549|366|
59188|669|
161924|3045|
161924|3045|
59188|669|
59188|669|
|4633|
|4633|
59188|669|
59188|669|
79674|648|
308528|10709|
59188|669|
59188|669|
59188|669|
139456|3044|
161924|3045|
59188|669|
59188|669|
59188|669|
59188|669|
|388|
150844|901|
59188|669|
59188|669|
59188|669|
161924|3045|
79674|648|
59188|669|
59188|669|
85549|366|
161924|3045|
150844|901|
59188|669|
|388|
59188|669|
139456|3044|
59188|669|
59188|669|
59188|669|
59188|669|
59188|669|
161924|3045|
308528|10709|
|388|
59188|669|
59188|669|
59188|669|
59188|669|
161924|3045|
59188|669|
59188|669|
59188|669|
161924|3045|
161924|3045|
308528|10709|
59188|669|
59188|669|
59188|669|
59188|669|
161924|3045|
32278|4580|
139456|3044|
79674|648|
59188|669|
|388|
59188|669|
161924|3045|
161924|3045|
139456|3044|
59188|669|
79674|648|
59188|669|
79674|648|
59188|669|
59188|669|
59188|669|
110441|142|
117530|2371|
110441|142|
110441|142|
110441|142|
117530|2371|
117530|2371|
110441|142|
294128|52|
117530|2371|
117530|2371|
117530|2371|
117530|2371|
294128|52|
117530|2371|
110441|142|
110441|142|
35525|5|
35525|5|
110441|142|
110441|142|
34816|59|
337539|308|
337539|308|
337539|308|
37003|1517|
683832|422|
683832|422|
84645|202|
683832|422|
8127|134|
683832|422|
34816|59|
34816|59|
84645|202|
683832|422|
683832|422|
84645|202|
37003|1517|
84645|202|
84645|202|
84645|202|
34816|59|
84645|202|
84645|202|
84645|202|
683832|422|
84645|202|
84645|202|
683832|422|
313441|1632|
84645|202|
34816|59|
313441|1632|
313441|1632|
313441|1632|
84645|202|
84645|202|
683832|422|
7998|20|
90988|1|
90988|1|
7998|20|
8078|57|
90988|1|
13106|2|
7998|20|
90988|1|
90988|1|
7998|20|
90988|1|
90988|1|
7998|20|
7998|20|
7998|20|
90988|1|
90988|1|
90988|1|
90988|1|
90988|1|
90988|1|
13106|2|
90988|1|
90988|1|
90988|1|
13106|2|
90988|1|
7998|20|
90988|1|
90988|1|
90988|1|
90988|1|
7998|20|
7957|25|
7957|25|
7957|25|
7957|25|
7962|21|
7957|25|
7962|21|
7957|25|
8022|4|
8022|4|
8022|4|
8022|4|
8022|4|
8022|4|
8022|4|
8022|4|
8022|4|
8022|4|
8022|4|
8022|4|
8022|4|
8022|4|
8022|4|
8022|4|
8022|4|
8022|4|
8022|4|
7153|85|
37688|10300|
37688|10300|
37688|10300|
37688|10300|
37688|10300|
37688|10300|
37688|10300|
37688|10300|
104777|1747|
104777|1747|
104777|1747|
5908|484|
10195|345|
104777|1747|
104777|1747|
104777|1747|
10195|345|
104777|1747|
10195|345|
10195|345|
6526|577|
96932|7495|
6526|577|
96932|7495|
96919|4600|
|1003|
|5876|
52404|5181|
96919|4600|
45954|218|
45954|218|
61662|640|
294125|72|
294125|72|
6763|76|
6763|76|
|75|
173342|136|
13106|2|
13106|2|
13106|2|
13106|2|
13106|2|
8022|4|
8022|4|
8022|4|
8022|4|
8022|4|
294128|52|
294128|52|
294128|52|
294128|52|
90988|1|
90988|1|
90988|1|
90988|1|
90988|1|
90988|1|
90988|1|
90988|1|
13106|2|
90988|1|
8022|4|
37688|10300|
37688|10300|
37688|10300|
37688|10300|
37688|10300|
37688|10300|
37688|10300|
37688|10300|
13106|2|
8022|4|
110441|142|
13106|2|
28743|86|
8022|4|
8022|4|
90988|1|
90988|1|
13106|2|
110441|142|
35525|5|
13106|2|
13106|2|
13106|2|
28743|86|
13106|2|
8022|4|
8022|4|
8022|4|
3089|487|
491138|11|
491138|11|
491138|11|
13106|2|
59188|669|
|2851|
85549|366|
59188|669|
59188|669|
59188|669|
59188|669|
59188|669|
59188|669|
59188|669|
59188|669|
59188|669|
59188|669|
59188|669|
59188|669|
32278|4580|
59188|669|
59188|669|
150844|901|
59188|669|
59188|669|
59188|669|
59188|669|
59188|669|
59188|669|
59188|669|
59188|669|
59188|669|
59188|669|
59188|669|
59188|669|
|4697|
59188|669|
59188|669|
59188|669|
59188|669|
59188|669|
59188|669|
59188|669|
59188|669|
59188|669|
59188|669|
59188|669|
32278|4580|
59188|669|
59188|669|
32278|4580|
59188|669|
59188|669|
59188|669|
59188|669|
150844|901|
59188|669|
59188|669|
59188|669|
59188|669|
59188|669|
59188|669|
59188|669|
59188|669|
59188|669|
|212|
117530|2371|
|212|
|212|
117530|2371|
35525|5|
117530|2371|
|212|
|212|
117530|2371|
|212|
117530|2371|
|212|
|212|
117530|2371|
|212|
35525|5|
35525|5|
|212|
117530|2371|
|212|
|212|
|212|
|212|
|212|
117530|2371|
117530|2371|
|212|
117530|2371|
117530|2371|
|212|
|212|
|212|
|212|
|212|
|212|
|212|
|212|
|212|
|212|
117530|2371|
117530|2371|
117530|2371|
117530|2371|
|212|
117530|2371|
|212|
117530|2371|
117530|2371|
|212|
|212|
|212|
|212|
|212|
|212|
|212|
|212|
7998|20|
13106|2|
90988|1|
7998|20|
90988|1|
13106|2|
13106|2|
13106|2|
13106|2|
13106|2|
8022|4|
8022|4|
8022|4|
8022|4|
13106|2|
8022|4|
8022|4|
34816|59|
34816|59|
43258|4823|
34816|59|
34816|59|
43258|4823|
34816|59|
13106|2|
8022|4|
210409|2148|
159736|7314|
1211424|387|
93621|352|
93621|352|
93621|352|
93621|352|
93621|352|
93621|352|
93621|352|
93621|352|
93621|352|
93621|352|
93621|352|
93621|352|
93621|352|
93621|352|
93621|352|
93621|352|
93621|352|
93621|352|
93621|352|
93621|352|
93621|352|
93621|352|
8127|134|
93621|352|
8030|68|
8030|68|
8030|68|
8030|68|
8030|68|
8030|68|
8030|68|
8030|68|
8030|68|
8030|68|
8030|68|
8030|68|
8030|68|
8030|68|
8030|68|
8030|68|
90988|1|
90988|1|
90988|1|
90988|1|
90988|1|
90988|1|
90988|1|
52639|6|
315707|7|
110441|142|
28743|86|
13106|2|
13106|2|
7957|25|
8022|4|
7962|21|
7962|21|
7962|21|
7962|21|
3089|487|
59188|669|
59188|669|
7962|21|
7962|21|
7962|21|
7962|21|
|2475|
|2475|
|2475|
|2475|
|2475|
|2475|
8022|4|
|4985|
13106|2|
|3002|
13106|2|
8022|4|
8022|4|
8030|68|
13106|2|
8022|4|
110441|142|
13106|2|
13106|2|
28743|86|
8022|4|
8022|4|
8022|4|
270884|9942|
13106|2|
13106|2|
13106|2|
13106|2|
8022|4|
8022|4|
8022|4|
13106|2|
8022|4|
8022|4|
110441|142|
13106|2|
28743|86|
13106|2|
13106|2|
8022|4|
8022|4|
8022|4|
110441|142|
110441|142|
110441|142|
110441|142|
13106|2|
28743|86|
28743|86|
13106|2|
13106|2|
28743|86|
28743|86|
13106|2|
13106|2|
7957|25|
8022|4|
8022|4|
8022|4|
8022|4|
8022|4|
13106|2|
90988|1|
90988|1|
90988|1|
90988|1|
90988|1|
90988|1|
90988|1|
8022|4|
|2857|
13106|2|
6772|745|
315707|7|
7961|5215|
13106|2|
8081|28|
13106|2|
13106|2|
8038|3|
90988|1|
7957|25|
8022|4|
8022|4|
6689|11779|
6689|11779|
6689|11779|
6689|11779|
6689|11779|
90988|1|
110441|142|
90988|1|
28743|86|
13106|2|
8022|4|
8022|4|
6772|745|
294125|72|
13106|2|
13106|2|
8022|4|
8022|4|
8022|4|
7998|20|
7998|20|
8022|4|
8022|4|
52404|5181|
52404|5181|
45954|218|
45954|218|
45954|218|
45954|218|
35525|5|
90988|1|
90988|1|
13106|2|
8022|4|
13106|2|
8022|4|
|1349|
|1349|
59291|11583|
59291|11583|
283035|11164|
48668|42|
59291|11583|
283035|11164|
48668|42|
283035|11164|
59291|11583|
59291|11583|
8010|131|
8010|131|
8010|131|
8022|4|
8022|4|
8022|4|
27706|89|
13106|2|
8022|4|
8022|4|
8022|4|
8022|4|
6728|102|
13106|2|
8022|4|
45954|218|
6728|102|
7962|21|
7962|21|
7962|21|
117530|2371|
117530|2371|
117530|2371|
35525|5|
294128|52|
294128|52|
294128|52|
34816|59|
34816|59|
34816|59|
34816|59|
34816|59|
34816|59|
34816|59|
|1183|
10195|345|
10195|345|
10195|345|
10195|345|
3089|487|
38577|1194|
38577|1194|
38577|1194|
38577|1194|
38577|1194|
38577|1194|
38577|1194|
38577|1194|
38577|1194|
38577|1194|
38577|1194|
38577|1194|
38577|1194|
38577|1194|
38577|1194|
38577|1194|
399978|4789|
308528|10709|
|2312|
161924|3045|
308528|10709|
399978|4789|
|4705|
|5880|
399978|4789|
399978|4789|
161924|3045|
399978|4789|
161924|3045|
308528|10709|
399978|4789|
139456|3044|
308528|10709|
|5880|
161924|3045|
161924|3045|
399978|4789|
161924|3045|
6728|102|
|2851|
161924|3045|
161924|3045|
|4705|
139456|3044|
399978|4789|
|4697|
399978|4789|
399978|4789|
|4705|
399978|4789|
1400849|4389|
85549|366|
399978|4789|
399978|4789|
161924|3045|
161924|3045|
161924|3045|
85549|366|
|5880|
|4705|
|5880|
85549|366|
161924|3045|
399978|4789|
399978|4789|
399978|4789|
139456|3044|
161924|3045|
59188|669|
399978|4789|
2116170|887|
|4705|
59188|669|
161924|3045|
399978|4789|
161924|3045|
1400849|4389|
399978|4789|
35525|5|
1450415|4619|
247138|4424|
247138|4424|
35525|5|
294128|52|
247138|4424|
247138|4424|
1450415|4619|
35525|5|
|10798|
35525|5|
247138|4424|
35525|5|
247138|4424|
35525|5|
35525|5|
6669|8|
|2921|
35525|5|
1450415|4619|
|10798|
|2921|
6669|8|
6669|8|
1450415|4619|
247138|4424|
35525|5|
6669|8|
1450415|4619|
143350|4755|
143350|4755|
143350|4755|
143350|4755|
93621|352|
143350|4755|
143350|4755|
143350|4755|
143350|4755|
143350|4755|
143350|4755|
143350|4755|
143350|4755|
143350|4755|
143350|4755|
143350|4755|
143350|4755|
143350|4755|
143350|4755|
143350|4755|
143350|4755|
93621|352|
143350|4755|
8128|485|
143350|4755|
143350|4755|
93621|352|
143350|4755|
143350|4755|
143350|4755|
93621|352|
143350|4755|
143350|4755|
93621|352|
143350|4755|
143350|4755|
90988|1|
90988|1|
13106|2|
90988|1|
90988|1|
90988|1|
8078|57|
8078|57|
8078|57|
7962|21|
7962|21|
5927|410|
5960|4710|
1090525|4429|
|4421|
|4765|
5885|1165|
413472|4422|
|1003|
926813|4727|
926813|4727|
|5876|
926813|4727|
926813|4727|
926813|4727|
926813|4727|
926813|4727|
45954|218|
35525|5|
35525|5|
37003|1517|
37003|1517|
37003|1517|
8127|134|
37003|1517|
37003|1517|
37003|1517|
37003|1517|
37003|1517|
37003|1517|
90988|1|
90988|1|
90988|1|
90988|1|
8078|57|
90988|1|
189839|1262|
551854|4714|
189839|1262|
551854|4714|
551854|4714|
189839|1262|
551854|4714|
189839|1262|
37688|10300|
37688|10300|
37688|10300|
37688|10300|
37688|10300|
37688|10300|
37688|10300|
37688|10300|
98305|600|
98305|600|
98305|600|
98305|600|
13106|2|
13106|2|
8022|4|
8022|4|
6772|745|
|75|
110441|142|
28743|86|
13106|2|
28743|86|
13106|2|
13106|2|
90988|1|
90988|1|
28743|86|
8022|4|
8022|4|
8022|4|
|4985|
|1609|
79674|648|
110441|142|
13106|2|
28743|86|
13106|2|
13106|2|
7962|21|
8022|4|
8022|4|
8022|4|
|416|
221654|302|
117530|2371|
294128|52|
117530|2371|
117530|2371|
294128|52|
294128|52|
90988|1|
90988|1|
90988|1|
7962|21|
7962|21|
61662|640|
61662|640|
61662|640|
110441|142|
13106|2|
13106|2|
13106|2|
8019|23|
8022|4|
8022|4|
8022|4|
13106|2|
|75|
|75|
8167|38|
13106|2|
201691|30|
28743|86|
7962|21|
8022|4|
8022|4|
8022|4|
8022|4|
85549|366|
34816|59|
8022|4|
117530|2371|
117530|2371|
117530|2371|
|4985|
110441|142|
13106|2|
28743|86|
8022|4|
8022|4|
13106|2|
13106|2|
|4697|
|2851|
|4985|
13106|2|
13106|2|
8022|4|
|4985|
13106|2|
13106|2|
8022|4|
8022|4|
110441|142|
28743|86|
13106|2|
8022|4|
189920|10828|
189920|10828|
8404|358|
8404|358|
|388|
111556|4786|
|388|
139456|3044|
|388|
|388|
|388|
|388|
|388|
161924|3045|
|388|
139456|3044|
|388|
|388|
|388|
|388|
|388|
|388|
|388|
|388|
161924|3045|
6728|102|
|388|
|388|
|388|
|388|
161924|3045|
|388|
|388|
|388|
|388|
|388|
|388|
|388|
6728|102|
|388|
|388|
|388|
|388|
161924|3045|
|388|
|388|
|388|
|388|
|388|
139456|3044|
111556|4786|
|388|
35525|5|
35525|5|
34816|4632|
84645|202|
103866|5871|
84645|202|
8187|5261|
84645|202|
103866|5871|
103866|5871|
34815|3038|
34816|59|
34815|3038|
103866|5871|
|5374|
8040|82|
8040|82|
8040|82|
8040|82|
8040|82|
8040|82|
8040|82|
8040|82|
8040|82|
7998|20|
8040|82|
7998|20|
8040|82|
8040|82|
8040|82|
7998|20|
8040|82|
8040|82|
8040|82|
8040|82|
8040|82|
8040|82|
7998|20|
8040|82|
8040|82|
8040|82|
8040|82|
8040|82|
8040|82|
28743|86|
8040|82|
8040|82|
8040|82|
8040|82|
8040|82|
8040|82|
8040|82|
8040|82|
90988|1|
8040|82|
8040|82|
8040|82|
90988|1|
8040|82|
8040|82|
8040|82|
269057|341|
8040|82|
13106|2|
269057|341|
8040|82|
8040|82|
7998|20|
8040|82|
8040|82|
8040|82|
8040|82|
8040|82|
8040|82|
13106|2|
8030|68|
8030|68|
8030|68|
8030|68|
8030|68|
8030|68|
8030|68|
8030|68|
8030|68|
8030|68|
8030|68|
8030|68|
8030|68|
8030|68|
8030|68|
8030|68|
8030|68|
8030|68|
8030|68|
8030|68|
8030|68|
8030|68|
8030|68|
8030|68|
8030|68|
8030|68|
8030|68|
8030|68|
8030|68|
8030|68|
8030|68|
8030|68|
8030|68|
8030|68|
8030|68|
8030|68|
8030|68|
8030|68|
8030|68|
8030|68|
8030|68|
8030|68|
8030|68|
8030|68|
8030|68|
8030|68|
8030|68|
8030|68|
8022|4|
70399|4635|
70399|4635|
84645|202|
84645|202|
84645|202|
84645|202|
35525|5|
110441|142|
238744|375|
13106|2|
13106|2|
13106|2|
13106|2|
13106|2|
13106|2|
13106|2|
8022|4|
8022|4|
93621|352|
93621|352|
93621|352|
93621|352|
93621|352|
6726|629|
110441|142|
110441|142|
238741|2208|
13106|2|
28743|86|
13106|2|
269057|341|
7998|20|
13106|2|
13106|2|
28743|86|
13106|2|
8032|49|
8022|4|
8022|4|
8022|4|
8022|4|
110441|142|
|75|
59837|110|
28743|86|
7998|20|
13106|2|
13106|2|
8038|3|
13106|2|
7957|25|
8022|4|
8022|4|
|4985|
1211424|387|
306179|53|
1211424|387|
1211424|387|
1211424|387|
110441|142|
52639|6|
315707|7|
315707|7|
8127|134|
8127|134|
8127|134|
64152|528|
8127|134|
28743|86|
7962|21|
7962|21|
7962|21|
6772|745|
587144|347|
6763|76|
587144|347|
221654|302|
110441|142|
13106|2|
13106|2|
13106|2|
28743|86|
13106|2|
7957|25|
7957|25|
8022|4|
8022|4|
8022|4|
8022|4|
8022|4|
|4985|
|4985|
110441|142|
28743|86|
13106|2|
13106|2|
8022|4|
8022|4|
8022|4|
|18447|
13106|2|
8022|4|
294128|52|
294128|52|
294128|52|
35525|5|
34816|59|
34816|59|
34816|59|
34816|59|
34816|59|
34816|59|
|1183|
110441|142|
90988|1|
28743|86|
8022|4|
13106|2|
|1009|
|1009|
|1009|
|1009|
8127|134|
13106|2|
8022|4|
13106|2|
8022|4|
13106|2|
8022|4|
13106|2|
13106|2|
8022|4|
8022|4|
35525|5|
6763|76|
35525|5|
13106|2|
13106|2|
13106|2|
13106|2|
13106|2|
13106|2|
13106|2|
13106|2|
8022|4|
8022|4|
8022|4|
8022|4|
8022|4|
8022|4|
8022|4|
8022|4|
13106|2|
13106|2|
13106|2|
8022|4|
13106|2|
8022|4|
8022|4|
90988|1|
76055|409|
7998|20|
7957|25|
7962|21|
|4985|
|4651|
6772|745|
|75|
13106|2|
13106|2|
8022|4|
8022|4|
13106|2|
8022|4|
|4985|
6772|745|
110441|142|
|75|
13106|2|
13106|2|
28743|86|
13106|2|
8022|4|
8022|4|
8022|4|
90988|1|
90988|1|
7962|21|
7962|21|
110441|142|
28743|86|
8022|4|
13106|2|
8022|4|
28800|112|
7998|20|
8038|3|
13106|2|
13106|2|
13106|2|
90988|1|
13106|2|
7998|20|
8022|4|
8022|4|
8022|4|
6726|629|
28743|86|
7998|20|
13106|2|
13106|2|
13106|2|
13106|2|
13106|2|
8022|4|
8022|4|
8022|4|
8022|4|
8022|4|
221654|302|
51138|196|
13106|2|
13106|2|
13106|2|
28743|86|
13106|2|
8022|4|
8022|4|
8022|4|
8022|4|
8022|4|
8022|4|
29159|575|
13106|2|
8022|4|
|416|
315707|7|
294125|72|
13106|2|
13106|2|
13106|2|
8022|4|
8022|4|
8022|4|
7153|85|
6772|745|
6772|745|
|416|
294125|72|
294125|72|
110441|142|
|75|
294125|72|
30962|34|
13106|2|
28743|86|
13106|2|
13106|2|
13106|2|
8022|4|
8022|4|
8022|4|
8022|4|
8022|4|
7998|20|
8022|4|
52404|5181|
45954|218|
45954|218|
85549|366|
13106|2|
13106|2|
8022|4|
8022|4|
13106|2|
|4985|
110441|142|
110441|142|
110441|142|
294125|72|
13106|2|
13106|2|
7998|20|
13106|2|
28743|86|
28743|86|
13106|2|
7998|20|
28743|86|
7998|20|
13106|2|
13106|2|
28743|86|
8022|4|
8022|4|
8022|4|
8022|4|
35525|5|
90988|1|
|75|
269057|341|
13106|2|
8022|4|
221654|302|
13106|2|
28743|86|
8022|4|
8022|4|
306179|53|
110441|142|
59899|113|
28743|86|
13106|2|
13106|2|
13106|2|
8022|4|
8022|4|
8022|4|
8022|4|
8022|4|
13106|2|
8022|4|
|4985|
6772|745|
294125|72|
34787|761|
8078|57|
13106|2|
13106|2|
7957|25|
8022|4|
8022|4|
8022|4|
13106|2|
8022|4|
8022|4|
13106|2|
13106|2|
8022|4|
8022|4|
8022|4|
59188|669|
85549|366|
59188|669|
85549|366|
85549|366|
85549|366|
59188|669|
59188|669|
35525|5|
35525|5|
35525|5|
104777|1747|
104777|1747|
10195|345|
10195|345|
104777|1747|
10195|345|
13106|2|
6772|745|
|75|
28743|86|
13106|2|
13106|2|
13106|2|
8022|4|
8022|4|
8022|4|
8022|4|
69293|97|
110441|142|
13106|2|
28743|86|
13106|2|
13106|2|
7998|20|
8019|23|
74940|22|
74940|22|
8019|23|
8022|4|
8022|4|
8022|4|
8022|4|
52404|5181|
45954|218|
45954|218|
221654|302|
28743|86|
6565|67|
6821|1044|
6821|1044|
6821|1044|
6821|1044|
6821|1044|
6821|1044|
|75|
110441|142|
13106|2|
28743|86|
13106|2|
28743|86|
13106|2|
13106|2|
8022|4|
8022|4|
8022|4|
13106|2|
8022|4|
110441|142|
13106|2|
13106|2|
13106|2|
13106|2|
13106|2|
8022|4|
8022|4|
8022|4|
294128|52|
110441|142|
13106|2|
28743|86|
8022|4|
263416|758|
92525|609|
263416|758|
52641|372|
110441|142|
6669|8|
13106|2|
28743|86|
90988|1|
13106|2|
8022|4|
8022|4|
8022|4|
8022|4|
197152|157|
260537|188|
41813|180|
315576|964|
315576|964|
6772|745|
221654|302|
28743|86|
13106|2|
13106|2|
7957|25|
8022|4|
8022|4|
|4985|
79674|648|
75329|997|
7937|391|
8127|134|
7962|21|
7965|2266|
7959|201|
|1618|
307936|1337|
221654|302|
13106|2|
13106|2|
8022|4|
6772|745|
6728|102|
110441|142|
221654|302|
13106|2|
7998|20|
13106|2|
13106|2|
28743|86|
13106|2|
8022|4|
8022|4|
8022|4|
|4985|
110441|142|
110441|142|
28743|86|
13106|2|
13106|2|
7998|20|
8081|28|
7957|25|
8022|4|
8022|4|
8022|4|
|4985|
110441|142|
28743|86|
13106|2|
13106|2|
8022|4|
8022|4|
|4985|
110441|142|
13106|2|
28743|86|
110441|142|
8022|4|
8022|4|
6596|55|
35525|5|
294128|52|
35525|5|
35525|5|
90988|1|
13106|2|
8022|4|
|1405|
61662|640|
147949|106|
|2789|
|2789|
8010|131|
13106|2|
7971|283|
90988|1|
8022|4|
8022|4|
13106|2|
13106|2|
13106|2|
13106|2|
13106|2|
8022|4|
8022|4|
8022|4|
8022|4|
8022|4|
8022|4|
110441|142|
13106|2|
7998|20|
28743|86|
13106|2|
13106|2|
13106|2|
8022|4|
8022|4|
8022|4|
8022|4|
8022|4|
13106|2|
110441|142|
13106|2|
13106|2|
28743|86|
8022|4|
8022|4|
85549|366|
110441|142|
28743|86|
13106|2|
8022|4|
110441|142|
269057|341|
269057|341|
13106|2|
13106|2|
8022|4|
8022|4|
90988|1|
90988|1|
8022|4|
8022|4|
|4985|
6772|745|
110441|142|
|75|
13106|2|
13106|2|
28743|86|
13106|2|
28743|86|
8022|4|
8022|4|
8022|4|
8022|4|
110441|142|
13106|2|
28743|86|
13106|2|
8081|28|
13106|2|
8022|4|
8022|4|
8022|4|
8022|4|
110441|142|
28800|112|
270331|96|
90988|1|
28743|86|
13106|2|
13106|2|
13106|2|
8022|4|
8022|4|
8022|4|
8022|4|
13106|2|
13106|2|
8022|4|
8022|4|
8022|4|
8022|4|
110441|142|
28743|86|
13106|2|
8022|4|
|4985|
13106|2|
8022|4|
8022|4|
8022|4|
13106|2|
8022|4|
110441|142|
28743|86|
13106|2|
269057|341|
8022|4|
8022|4|
|4985|
|4633|
|4633|
|4633|
|4633|
6772|745|
|4633|
|4633|
|1609|
306179|53|
|4633|
|4633|
79674|648|
315709|27|
315709|27|
110441|142|
221654|302|
|75|
|74|
75329|997|
36794|1133|
7937|391|
8127|134|
13106|2|
28743|86|
28743|86|
7998|20|
13106|2|
13106|2|
7998|20|
28743|86|
7962|21|
8022|4|
8022|4|
8022|4|
7959|201|
7965|2266|
7153|85|
104777|1747|
145535|2305|
|1618|
69293|97|
69293|97|
8022|4|
8022|4|
8022|4|
110441|142|
13106|2|
28743|86|
8022|4|
13106|2|
8022|4|
13106|2|
8022|4|
13106|2|
8022|4|
13106|2|
8022|4|
13106|2|
110441|142|
110441|142|
7998|20|
7998|20|
13106|2|
13106|2|
28743|86|
13106|2|
8022|4|
90988|1|
13106|2|
8022|4|
8022|4|
|5719|
50959|494|
|486|
913975|548|
110441|142|
28743|86|
13106|2|
8022|4|
13106|2|
8022|4|
13106|2|
13106|2|
8022|4|
13106|2|
8022|4|
6728|102|
|74|
27706|89|
33528|16|
33528|16|
13106|2|
13106|2|
13106|2|
7998|20|
7998|20|
8022|4|
8022|4|
8022|4|
8022|4|
8022|4|
13106|2|
13106|2|
13106|2|
8022|4|
8022|4|
110441|142|
13106|2|
28743|86|
13106|2|
13106|2|
7998|20|
8022|4|
8022|4|
8022|4|
52404|5181|
45954|218|
45954|218|
|4985|
13106|2|
13106|2|
13106|2|
8022|4|
8022|4|
8022|4|
35525|5|
90988|1|
|4985|
6772|745|
110441|142|
294125|72|
432397|14|
432397|14|
13106|2|
28743|86|
13106|2|
28743|86|
13106|2|
7962|21|
7962|21|
8022|4|
8022|4|
8022|4|
34816|59|
34816|59|
34816|59|
34816|59|
34816|59|
13106|2|
13106|2|
13106|2|
8022|4|
8022|4|
8022|4|
85549|366|
110441|142|
13106|2|
28743|86|
8022|4|
13106|2|
8022|4|
8022|4|
90988|1|
13106|2|
90988|1|
90988|1|
7957|25|
8022|4|
29159|575|
110441|142|
110441|142|
13106|2|
28743|86|
28743|86|
13106|2|
8022|4|
8022|4|
8022|4|
8022|4|
|5719|
35525|5|
90988|1|
6772|745|
35525|5|
110441|142|
35525|5|
110441|142|
221654|302|
110441|142|
110441|142|
6759|10|
90988|1|
13106|2|
8078|57|
28743|86|
13106|2|
28743|86|
13106|2|
13106|2|
7962|21|
8022|4|
8022|4|
8022|4|
8022|4|
8022|4|
8022|4|
8022|4|
7192|1173|
|2421|
7176|397|
|2422|
7159|230|
52363|985|
13106|2|
13106|2|
13106|2|
7998|20|
8022|4|
8022|4|
8022|4|
13106|2|
8022|4|
8022|4|
221654|302|
221654|302|
110441|142|
270331|96|
13106|2|
28743|86|
28743|86|
13106|2|
8022|4|
8022|4|
35525|5|
90988|1|
35525|5|
90988|1|
|4985|
315707|7|
7998|20|
7957|25|
8022|4|
35525|5|
35525|5|
553240|6061|
7998|20|
13106|2|
13106|2|
28743|86|
7998|20|
13106|2|
8022|4|
8022|4|
8022|4|
29159|575|
13106|2|
8022|4|
35525|5|
90988|1|
35525|5|
90988|1|
8022|4|
35525|5|
90988|1|
6772|745|
294125|72|
315709|27|
34816|59|
34816|59|
34816|59|
34816|59|
34816|59|
13013|2079|
13013|2079|
13013|2079|
13013|2079|
13106|2|
13106|2|
13106|2|
13106|2|
13106|2|
90988|1|
7998|20|
90988|1|
13106|2|
13106|2|
13106|2|
90988|1|
8022|4|
8022|4|
8022|4|
8022|4|
8022|4|
8022|4|
8022|4|
8022|4|
8022|4|
5908|484|
6565|67|
184741|2205|
184741|2205|
13106|2|
8022|4|
6772|745|
221654|302|
432397|14|
13106|2|
28743|86|
8022|4|
8022|4|
27778|4603|
8022|4|
8022|4|
8022|4|
8022|4|
8022|4|
|4985|
6772|745|
110441|142|
110441|142|
7998|20|
13106|2|
28743|86|
28743|86|
13106|2|
90988|1|
7998|20|
8022|4|
8022|4|
553240|6061|
|75|
|75|
13106|2|
28743|86|
13106|2|
13106|2|
28743|86|
7998|20|
13106|2|
7998|20|
8022|4|
8022|4|
8022|4|
8022|4|
272817|932|
221654|302|
13106|2|
13106|2|
13106|2|
8022|4|
8022|4|
8022|4|
146087|564|
13106|2|
13106|2|
|75|
6763|76|
110441|142|
217509|64|
219545|133|
13106|2|
13106|2|
8081|28|
7998|20|
13106|2|
90988|1|
50351|19|
7998|20|
8022|4|
8022|4|
7153|85|
|5995|
|4985|
6772|745|
|75|
13106|2|
8022|4|
110441|142|
217509|64|
219545|133|
13106|2|
90988|1|
13106|2|
28743|86|
7962|21|
7962|21|
8022|4|
8022|4|
110441|142|
28743|86|
28743|86|
13106|2|
8022|4|
13106|2|
13106|2|
8022|4|
6687|252|
6687|252|
6687|252|
6687|252|
6687|252|
6687|252|
294128|52|
294128|52|
90988|1|
90988|1|
90988|1|
90988|1|
6772|745|
221654|302|
247138|4424|
13106|2|
13106|2|
28743|86|
7998|20|
8022|4|
8022|4|
7152|122|
7153|85|
|4985|
111607|5225|
13106|2|
7998|20|
13106|2|
13106|2|
13106|2|
8022|4|
8022|4|
8022|4|
8022|4|
13106|2|
13106|2|
13106|2|
13106|2|
8022|4|
8022|4|
35525|5|
35525|5|
110441|142|
270329|126|
270329|126|
270329|126|
13106|2|
28743|86|
8022|4|
8022|4|
8022|4|
8022|4|
|4985|
|4985|
90988|1|
13106|2|
13106|2|
13106|2|
13106|2|
8022|4|
8022|4|
8022|4|
8022|4|
|75|
28743|86|
13106|2|
8022|4|
110441|142|
217509|64|
7998|20|
28743|86|
28743|86|
8081|28|
13106|2|
7962|21|
8022|4|
8022|4|
6772|745|
221654|302|
13106|2|
90988|1|
13106|2|
8022|4|
8022|4|
248237|4394|
98977|4430|
603647|10728|
41808|542|
50443|540|
178292|536|
1081900|4406|
219470|751|
908145|2904|
761618|778|
219530|4423|
143752|677|
189838|156|
270329|126|
13106|2|
13106|2|
13106|2|
13106|2|
13106|2|
13106|2|
13106|2|
13106|2|
8022|4|
8022|4|
8022|4|
8022|4|
8022|4|
8022|4|
8022|4|
8022|4|
|3002|
13106|2|
8022|4|
8022|4|
110441|142|
13106|2|
90988|1|
28743|86|
8022|4|
8022|4|
|4985|
6772|745|
6772|745|
35525|5|
35525|5|
35525|5|
35525|5|
35525|5|
35525|5|
35525|5|
35525|5|
35525|5|
35525|5|
35525|5|
35525|5|
35525|5|
35525|5|
35525|5|
35525|5|
|75|
35525|5|
35525|5|
35525|5|
|75|
35525|5|
35525|5|
59899|113|
64152|528|
238741|2208|
59899|113|
33528|16|
238741|2208|
13106|2|
269057|341|
28743|86|
13106|2|
7998|20|
28743|86|
13106|2|
13106|2|
13106|2|
90988|1|
13106|2|
13106|2|
90988|1|
90988|1|
13106|2|
13106|2|
13106|2|
7998|20|
90988|1|
8022|4|
8022|4|
8022|4|
|5719|
110441|142|
13106|2|
28743|86|
8022|4|
|4985|
110441|142|
28743|86|
13106|2|
8022|4|
306179|53|
|50|
6772|745|
110441|142|
110441|142|
|75|
110441|142|
110441|142|
13106|2|
13106|2|
13106|2|
13106|2|
13106|2|
13106|2|
28743|86|
13106|2|
13106|2|
28743|86|
28743|86|
13106|2|
13106|2|
13106|2|
28743|86|
13106|2|
13106|2|
8022|4|
8022|4|
8022|4|
8022|4|
8022|4|
8022|4|
8022|4|
8022|4|
8022|4|
8022|4|
8022|4|
8022|4|
8022|4|
8022|4|
7176|397|
7176|397|
197152|157|
|5719|
41030|1647|
|18395|
|1496|
136726|1843|
7192|1173|
197152|157|
6961|1129|
|1579|
178295|676|
41812|398|
189839|1262|
7159|230|
55729|2441|
55729|2441|
55729|2441|
55690|1249|
55729|2441|
29159|575|
13106|2|
491138|11|
13106|2|
7957|25|
8022|4|
6772|745|
6772|745|
1937831|46|
6772|745|
|74|
|75|
110441|142|
110441|142|
|75|
238741|2208|
13106|2|
269057|341|
8038|3|
13106|2|
13106|2|
13106|2|
13106|2|
13106|2|
13106|2|
28743|86|
90988|1|
13106|2|
13106|2|
13106|2|
7998|20|
7998|20|
13106|2|
13106|2|
269057|341|
7962|21|
8019|23|
8030|68|
8022|4|
8022|4|
8022|4|
8022|4|
8022|4|
8022|4|
7176|397|
7167|709|
|4715|
7192|1173|
7176|397|
|2422|
41030|1647|
6961|1129|
|4715|
|4715|
|4715|
7176|397|
7176|397|
|4715|
|4715|
178295|676|
|4715|
|4715|
136726|1843|
|4715|
433278|251|
7159|230|
7165|2919|
7159|230|
7160|1770|
6523|294|
35525|5|
90988|1|
38577|1194|
|4985|
38577|1194|
38577|1194|
38577|1194|
38577|1194|
38577|1194|
110441|142|
35525|5|
110441|142|
93621|352|
28743|86|
28743|86|
13106|2|
13106|2|
13106|2|
28743|86|
8022|4|
8022|4|
8022|4|
7176|397|
|18395|
7176|397|
|1579|
13106|2|
8022|4|
8022|4|
8022|4|
110441|142|
28743|86|
13106|2|
7962|21|
8022|4|
13106|2|
13106|2|
8022|4|
13106|2|
8022|4|
13106|2|
13106|2|
8022|4|
8022|4|
8022|4|
13106|2|
13106|2|
13106|2|
8022|4|
8022|4|
307936|1337|
221654|302|
13106|2|
13106|2|
8022|4|
8022|4|
13106|2|
13106|2|
13106|2|
8022|4|
8022|4|
8022|4|
110441|142|
110441|142|
28743|86|
28743|86|
13106|2|
8022|4|
6565|67|
110441|142|
110441|142|
28743|86|
13106|2|
8022|4|
13106|2|
8022|4|
13106|2|
8022|4|
69811|146|
13106|2|
7957|25|
8022|4|
8022|4|
8022|4|
110441|142|
13106|2|
13106|2|
13106|2|
28743|86|
7957|25|
8022|4|
8022|4|
13106|2|
8022|4|
110441|142|
13106|2|
90988|1|
28743|86|
8022|4|
8022|4|
110441|142|
110441|142|
28743|86|
13106|2|
8022|4|
35525|5|
35525|5|
110441|142|
28743|86|
13106|2|
8022|4|
13106|2|
8022|4|
8022|4|
13106|2|
13106|2|
8022|4|
8022|4|
13106|2|
6772|745|
|75|
221654|302|
269057|341|
90988|1|
90988|1|
90988|1|
13106|2|
13106|2|
8022|4|
8022|4|
13106|2|
90988|1|
13106|2|
8022|4|
8022|4|
7936|574|
110441|142|
110441|142|
110441|142|
219545|133|
8081|28|
13106|2|
13106|2|
13106|2|
7962|21|
8022|4|
8022|4|
8022|4|
110441|142|
7955|5156|
13106|2|
13106|2|
28743|86|
28743|86|
8022|4|
8022|4|
315576|964|
110441|142|
28743|86|
13106|2|
7962|21|
8022|4|
8022|4|
8022|4|
6772|745|
|75|
90988|1|
13106|2|
8022|4|
13106|2|
8022|4|
6772|745|
117982|652|
110441|142|
110441|142|
110441|142|
13106|2|
28743|86|
28743|86|
28743|86|
8038|3|
13106|2|
8019|23|
8022|4|
6565|67|
|75|
|75|
6763|76|
6763|76|
6726|629|
7998|20|
13106|2|
90988|1|
13106|2|
28743|86|
13106|2|
28743|86|
7998|20|
7998|20|
74940|22|
8022|4|
8022|4|
8022|4|
8022|4|
8022|4|
6565|67|
13106|2|
13106|2|
13106|2|
13106|2|
8022|4|
8022|4|
8022|4|
110441|142|
6726|629|
110441|142|
13106|2|
13106|2|
7998|20|
7998|20|
13106|2|
59837|110|
59837|110|
13106|2|
8032|49|
8032|49|
7962|21|
7962|21|
7962|21|
8022|4|
8022|4|
8022|4|
8022|4|
8022|4|
117530|2371|
117530|2371|
117530|2371|
117530|2371|
117530|2371|
8022|4|
13106|2|
13106|2|
8022|4|
13106|2|
13106|2|
8022|4|
8022|4|
13106|2|
8022|4|
8022|4|
13106|2|
8022|4|
6772|745|
|75|
13106|2|
8022|4|
6763|76|
110441|142|
|74|
64468|77|
270331|96|
238744|375|
13106|2|
8022|4|
8022|4|
13106|2|
13106|2|
13106|2|
8022|4|
6772|745|
221654|302|
110441|142|
28743|86|
28743|86|
7998|20|
13106|2|
13106|2|
13106|2|
8022|4|
8022|4|
13106|2|
13106|2|
8022|4|
8022|4|
110441|142|
7998|20|
13106|2|
13106|2|
13106|2|
8022|4|
8022|4|
13106|2|
8022|4|
34816|59|
34816|59|
34816|59|
34816|59|
34816|59|
34816|59|
34816|59|
34816|59|
34816|59|
34816|59|
34816|59|
34816|59|
34816|59|
34816|59|
34816|59|
34816|59|
34816|59|
34816|59|
34816|59|
34816|59|
34816|59|
34816|59|
34816|59|
34816|59|
34816|59|
34816|59|
34816|59|
34816|59|
34816|59|
34816|59|
34816|59|
34816|59|
34816|59|
34816|59|
34816|59|
34816|59|
34816|59|
34816|59|
34816|59|
34816|59|
34816|59|
34816|59|
34816|59|
34816|59|
34816|59|
34816|59|
34816|59|
34816|59|
34816|59|
34816|59|
34816|59|
34816|59|
34816|59|
34816|59|
34816|59|
34816|59|
34816|59|
34816|59|
34816|59|
6772|745|
|74|
110441|142|
13106|2|
13106|2|
28743|86|
13106|2|
28743|86|
8022|4|
8022|4|
8022|4|
221654|302|
221654|302|
13106|2|
90988|1|
269057|341|
269057|341|
13106|2|
13106|2|
13106|2|
90988|1|
8019|23|
8019|23|
8022|4|
8022|4|
8022|4|
8022|4|
1081900|4406|
98977|4430|
248237|4394|
761618|778|
41808|542|
50443|540|
603647|10728|
219530|4423|
908145|2904|
219470|751|
143752|677|
110441|142|
8022|4|
110441|142|
7998|20|
28743|86|
13106|2|
90988|1|
8032|49|
8022|4|
110441|142|
13106|2|
8022|4|
13106|2|
8022|4|
8022|4|
13106|2|
8022|4|
7998|20|
13106|2|
8022|4|
|4985|
35525|5|
247138|4424|
13106|2|
13106|2|
8022|4|
6772|745|
110441|142|
13106|2|
28743|86|
13106|2|
8022|4|
8022|4|
|3002|
6728|102|
110441|142|
90988|1|
13106|2|
28743|86|
7962|21|
7962|21|
7962|21|
8022|4|
13106|2|
8022|4|
553240|6061|
110441|142|
110441|142|
110441|142|
270329|126|
270329|126|
270329|126|
270329|126|
13106|2|
13106|2|
28743|86|
28743|86|
13106|2|
13106|2|
90988|1|
13106|2|
8032|49|
8032|49|
8022|4|
8022|4|
8022|4|
35525|5|
13106|2|
13106|2|
13106|2|
13106|2|
28743|86|
13106|2|
13106|2|
13106|2|
13106|2|
13106|2|
13106|2|
8022|4|
8022|4|
8022|4|
8022|4|
8022|4|
8022|4|
8022|4|
8022|4|
8022|4|
110441|142|
247138|4424|
110441|142|
247138|4424|
28743|86|
13106|2|
7998|20|
28743|86|
8022|4|
8022|4|
|18447|
13106|2|
8022|4|
13106|2|
13106|2|
8022|4|
|4985|
35525|5|
13106|2|
8022|4|
|5719|
|3002|
|3002|
|3002|
35525|5|
90988|1|
90988|1|
13106|2|
13106|2|
8022|4|
294125|72|
110441|142|
110441|142|
110441|142|
110441|142|
7998|20|
28743|86|
13106|2|
13106|2|
13106|2|
13106|2|
13106|2|
8022|4|
8022|4|
8022|4|
8022|4|
8022|4|
8022|4|
8022|4|
8022|4|
|2857|
|2857|
|2857|
7176|397|
|2422|
7159|230|
52404|5181|
45954|218|
45954|218|
110441|142|
34816|59|
147949|106|
27706|89|
34816|59|
270331|96|
34816|59|
34816|59|
34816|59|
27778|4603|
7998|20|
13106|2|
13106|2|
13106|2|
13106|2|
8040|82|
90988|1|
90988|1|
13106|2|
201691|30|
90988|1|
13106|2|
28743|86|
90988|1|
13106|2|
8032|49|
7957|25|
8022|4|
8022|4|
8022|4|
8022|4|
13106|2|
8022|4|
110441|142|
13106|2|
13106|2|
28743|86|
7962|21|
8022|4|
69293|97|
315576|964|
6523|294|
8022|4|
8022|4|
13106|2|
|4985|
221654|302|
28743|86|
13106|2|
13106|2|
8022|4|
8022|4|
221654|302|
69811|146|
269057|341|
13106|2|
8022|4|
110441|142|
110441|142|
13106|2|
13106|2|
28743|86|
13106|2|
13106|2|
13106|2|
13106|2|
7962|21|
7962|21|
7962|21|
8022|4|
8022|4|
8022|4|
8022|4|
|75|
13106|2|
238744|375|
90988|1|
8022|4|
6772|745|
|75|
110441|142|
110441|142|
13106|2|
13106|2|
13106|2|
13106|2|
13106|2|
90988|1|
13106|2|
13106|2|
13106|2|
13106|2|
13106|2|
28743|86|
28743|86|
8022|4|
8022|4|
8022|4|
8022|4|
8022|4|
8022|4|
8022|4|
29159|575|
28743|86|
13106|2|
90988|1|
13106|2|
7998|20|
8022|4|
13106|2|
8022|4|
587144|347|
587144|347|
587144|347|
587144|347|
587144|347|
587144|347|
587144|347|
587144|347|
587144|347|
13106|2|
13106|2|
13106|2|
90988|1|
8022|4|
|3031|
|3031|
|3031|
110441|142|
13106|2|
8022|4|
8022|4|
110441|142|
110441|142|
28743|86|
13106|2|
13106|2|
7998|20|
7962|21|
8022|4|
8022|4|
85549|366|
|2793|
|1230|
110441|142|
221654|302|
13106|2|
28743|86|
238744|375|
7962|21|
8022|4|
8022|4|
13106|2|
8022|4|
6689|11779|
6689|11779|
6689|11779|
6689|11779|
6689|11779|
6689|11779|
110441|142|
110441|142|
28743|86|
13106|2|
28743|86|
13106|2|
8022|4|
8022|4|
13106|2|
8022|4|
8022|4|
110441|142|
28743|86|
13106|2|
13106|2|
8022|4|
8022|4|
59899|113|
13106|2|
8022|4|
110441|142|
110441|142|
28743|86|
13106|2|
13106|2|
8022|4|
8022|4|
8022|4|
110441|142|
13106|2|
13106|2|
28743|86|
8022|4|
8022|4|
315709|27|
315709|27|
315709|27|
13106|2|
13106|2|
8022|4|
8022|4|
8022|4|
13106|2|
8022|4|
110441|142|
110441|142|
270329|126|
13106|2|
28743|86|
28743|86|
8022|4|
8022|4|
8022|4|
8022|4|
91713|4773|
1003157|4772|
91713|4773|
91713|4773|
1003157|4772|
1003157|4772|
110441|142|
28743|86|
13106|2|
13106|2|
13106|2|
8022|4|
8022|4|
13106|2|
8022|4|
8022|4|
110441|142|
13106|2|
13106|2|
13106|2|
13106|2|
28743|86|
8022|4|
110441|142|
110441|142|
13106|2|
28743|86|
8022|4|
110441|142|
13106|2|
28743|86|
13106|2|
8022|4|
8022|4|
110441|142|
13106|2|
28743|86|
7962|21|
8022|4|
8022|4|
110441|142|
28743|86|
13106|2|
8022|4|
8022|4|
110441|142|
13106|2|
13106|2|
28743|86|
8022|4|
8022|4|
8022|4|
13106|2|
8022|4|
|75|
238744|375|
13106|2|
7998|20|
8022|4|
8022|4|
7998|20|
13106|2|
8022|4|
110441|142|
7998|20|
13106|2|
28743|86|
13106|2|
8022|4|
8022|4|
|75|
221654|302|
8017|219|
8017|219|
8017|219|
28743|86|
13106|2|
238744|375|
74940|22|
74940|22|
8019|23|
8019|23|
8019|23|
74940|22|
8022|4|
8022|4|
8022|4|
8018|736|
8018|736|
8023|90|
8018|736|
8023|90|
8023|90|
13106|2|
13106|2|
13106|2|
8022|4|
8022|4|
110441|142|
28743|86|
13106|2|
13106|2|
13106|2|
8022|4|
8022|4|
8022|4|
13106|2|
7962|21|
8022|4|
8022|4|
110441|142|
13106|2|
28743|86|
8022|4|
6772|745|
307936|1337|
294125|72|
294125|72|
13106|2|
13106|2|
13106|2|
201691|30|
8022|4|
8022|4|
8022|4|
110441|142|
13106|2|
28743|86|
8022|4|
221654|302|
28743|86|
13106|2|
7962|21|
8022|4|
13106|2|
8022|4|
110441|142|
336262|261|
336262|261|
336262|261|
28743|86|
13106|2|
13106|2|
8022|4|
41030|1647|
178295|676|
136726|1843|
7192|1173|
6961|1129|
13106|2|
6728|102|
110441|142|
59899|113|
28743|86|
13106|2|
7998|20|
13106|2|
8022|4|
8022|4|
13106|2|
13106|2|
8022|4|
8022|4|
8022|4|
110441|142|
6763|76|
13106|2|
28743|86|
8022|4|
8022|4|
90988|1|
13106|2|
7153|85|
7153|85|
7153|85|
7153|85|
7153|85|
13106|2|
8022|4|
35525|5|
35525|5|
69811|146|
69811|146|
7955|5156|
13106|2|
8022|4|
110441|142|
110441|142|
28743|86|
13106|2|
13106|2|
13106|2|
8022|4|
8022|4|
491138|11|
13106|2|
8022|4|
110441|142|
28743|86|
13106|2|
8022|4|
110441|142|
28743|86|
13106|2|
8022|4|
8022|4|
90988|1|
13106|2|
8022|4|
|1230|
|2793|
|1230|
|2793|
|1230|
|2793|
110441|142|
28743|86|
13106|2|
8022|4|
13106|2|
8022|4|
6689|11779|
6689|11779|
6689|11779|
6689|11779|
6689|11779|
6689|11779|
6689|11779|
110441|142|
69811|146|
13106|2|
13106|2|
13106|2|
13106|2|
13106|2|
8022|4|
8022|4|
8022|4|
8022|4|
8022|4|
13106|2|
8022|4|
6689|11779|
6689|11779|
6689|11779|
6689|11779|
6689|11779|
6689|11779|
13106|2|
28743|86|
13106|2|
8022|4|
110441|142|
13106|2|
28743|86|
8022|4|
8022|4|
110441|142|
7998|20|
13106|2|
28743|86|
7962|21|
8022|4|
13106|2|
8022|4|
313238|2243|
110441|142|
110441|142|
13106|2|
28743|86|
13106|2|
8022|4|
8022|4|
110441|142|
13106|2|
28743|86|
8022|4|
110441|142|
110441|142|
28743|86|
13106|2|
13106|2|
13106|2|
8022|4|
8022|4|
8022|4|
8022|4|
13106|2|
8022|4|
110441|142|
13106|2|
28743|86|
7962|21|
7962|21|
7962|21|
7962|21|
8022|4|
110441|142|
28743|86|
13106|2|
8022|4|
294125|72|
90988|1|
13106|2|
238744|375|
8022|4|
110441|142|
28743|86|
13106|2|
90988|1|
7955|5156|
8022|4|
8022|4|
8355|206|
8355|206|
13106|2|
8022|4|
8022|4|
8022|4|
8022|4|
110441|142|
13106|2|
28743|86|
13106|2|
8022|4|
8022|4|
110441|142|
13106|2|
28743|86|
8022|4|
8022|4|
110441|142|
13106|2|
28743|86|
8022|4|
8022|4|
110441|142|
13106|2|
28743|86|
8022|4|
8022|4|
|1230|
|2793|
|2793|
|1230|
|1230|
|2793|
|2793|
|1230|
|2793|
|1230|
|2793|
|1230|
|1230|
|2793|
|2793|
|1230|
|2793|
|1230|
|1230|
|2793|
|1230|
|2793|
|1230|
|2793|
|2793|
|1230|
110441|142|
13106|2|
28743|86|
8022|4|
13106|2|
8022|4|
110441|142|
28743|86|
110441|142|
28743|86|
13106|2|
8022|4|
13106|2|
8022|4|
13106|2|
8022|4|
13106|2|
8022|4|
8022|4|
8022|4|
13106|2|
8022|4|
6689|11779|
6689|11779|
6689|11779|
6689|11779|
6689|11779|
6689|11779|
6689|11779|
184741|2205|
110441|142|
13106|2|
28743|86|
8022|4|
13106|2|
8022|4|
6772|745|
110441|142|
|75|
13106|2|
28743|86|
8022|4|
|1230|
|2793|
|2793|
|1230|
|2793|
|1230|
|1230|
|2793|
|1230|
|2793|
|2793|
|1230|
|2793|
|1230|
|2793|
|1230|
|1230|
|2793|
|1230|
|2793|
|1230|
|2793|
|1230|
|2793|
|2793|
|1230|
|1230|
|2793|
|2793|
|1230|
|2793|
|1230|
110441|142|
13106|2|
28743|86|
7962|21|
8022|4|
8022|4|
498392|4677|
498392|4677|
117530|2371|
117530|2371|
110441|142|
294128|52|
110441|142|
28743|86|
13106|2|
90988|1|
90988|1|
13106|2|
8022|4|
13106|2|
8022|4|
8022|4|
110441|142|
28743|86|
13106|2|
8022|4|
8022|4|
110441|142|
28743|86|
13106|2|
8022|4|
110441|142|
13106|2|
13106|2|
28743|86|
8022|4|
8022|4|
110441|142|
28743|86|
13106|2|
8022|4|
6689|11779|
110441|142|
13106|2|
28743|86|
8022|4|
13106|2|
8022|4|
110441|142|
110441|142|
28743|86|
28743|86|
13106|2|
8022|4|
110441|142|
28743|86|
13106|2|
8022|4|
13106|2|
8022|4|
110441|142|
13106|2|
28743|86|
7962|21|
8022|4|
8022|4|
8022|4|
110441|142|
110441|142|
28743|86|
13106|2|
8022|4|
8022|4|
110441|142|
28743|86|
13106|2|
8022|4|
110441|142|
28743|86|
13106|2|
8022|4|
8022|4|
13106|2|
8022|4|
110441|142|
13106|2|
90988|1|
28743|86|
28743|86|
8022|4|
8022|4|
110441|142|
7998|20|
13106|2|
28743|86|
8022|4|
8022|4|
197159|530|
110441|142|
13106|2|
28743|86|
8022|4|
8022|4|
8022|4|
8022|4|
8022|4|
491138|11|
110441|142|
13106|2|
13106|2|
8022|4|
8022|4|
8022|4|
8022|4|
8022|4|
|5004|
13106|2|
8022|4|
110441|142|
28743|86|
13106|2|
13106|2|
8022|4|
221654|302|
315709|27|
13106|2|
13106|2|
238744|375|
8022|4|
283763|6082|
110441|142|
110441|142|
110441|142|
110441|142|
110441|142|
28743|86|
28743|86|
28743|86|
28743|86|
13106|2|
28743|86|
8022|4|
13106|2|
8022|4|
117530|2371|
117530|2371|
117530|2371|
35525|5|
117530|2371|
110441|142|
294128|52|
117530|2371|
90988|1|
28743|86|
90988|1|
13106|2|
90988|1|
8022|4|
315576|964|
6162|18595|
76587|233|
110441|142|
13106|2|
28743|86|
90988|1|
7962|21|
8022|4|
110441|142|
269057|341|
13106|2|
8022|4|
110441|142|
28743|86|
13106|2|
13106|2|
8022|4|
110441|142|
28743|86|
13106|2|
8022|4|
6728|102|
110441|142|
13106|2|
7998|20|
28743|86|
8022|4|
110441|142|
28743|86|
13106|2|
7962|21|
8022|4|
8022|4|
7962|21|
13106|2|
8022|4|
110441|142|
28743|86|
13106|2|
8022|4|
8022|4|
13106|2|
8022|4|
110441|142|
28743|86|
13106|2|
8022|4|
8022|4|
7998|20|
8022|4|
52404|5181|
45954|218|
45954|218|
110441|142|
13106|2|
28743|86|
8022|4|
6689|11779|
110441|142|
13106|2|
461517|2143|
8022|4|
8022|4|
8022|4|
13106|2|
7962|21|
7962|21|
110441|142|
28743|86|
13106|2|
13106|2|
13106|2|
8022|4|
8022|4|
8022|4|
8022|4|
315576|964|
110441|142|
13106|2|
28743|86|
8022|4|
13106|2|
8022|4|
110441|142|
28743|86|
13106|2|
13106|2|
8022|4|
110441|142|
28743|86|
13106|2|
8022|4|
8022|4|
110441|142|
28743|86|
13106|2|
8022|4|
|7600|
110441|142|
28743|86|
13106|2|
8022|4|
110441|142|
110441|142|
13106|2|
13106|2|
28743|86|
8022|4|
8022|4|
8022|4|
110441|142|
28743|86|
13106|2|
8022|4|
110441|142|
28743|86|
13106|2|
8022|4|
8022|4|
110441|142|
28743|86|
13106|2|
8022|4|
315576|964|
8022|4|
7955|5156|
199487|598|
110441|142|
294128|52|
110441|142|
13106|2|
28743|86|
8022|4|
8022|4|
7152|122|
13106|2|
8022|4|
110441|142|
28743|86|
8022|4|
7153|85|
110441|142|
13106|2|
28743|86|
8022|4|
8022|4|
110441|142|
13106|2|
28743|86|
8022|4|
110441|142|
13106|2|
28743|86|
8022|4|
6565|67|
110441|142|
294128|52|
28743|86|
13106|2|
13106|2|
8022|4|
8022|4|
110441|142|
13106|2|
28743|86|
8022|4|
6565|67|
110441|142|
28743|86|
13106|2|
8022|4|
221654|302|
269057|341|
13106|2|
8022|4|
221654|302|
13106|2|
269057|341|
8022|4|
8022|4|
221654|302|
13106|2|
269057|341|
8022|4|
35525|5|
35525|5|
110441|142|
28743|86|
13106|2|
13106|2|
8022|4|
8022|4|
110441|142|
13106|2|
28743|86|
8022|4|
110441|142|
13106|2|
28743|86|
7957|25|
8022|4|
110441|142|
110441|142|
28743|86|
28743|86|
13106|2|
8022|4|
8022|4|
110441|142|
28743|86|
13106|2|
8022|4|
|5719|
110441|142|
28743|86|
13106|2|
110441|142|
13106|2|
28743|86|
8022|4|
7152|122|
110441|142|
90988|1|
28743|86|
13106|2|
8022|4|
110441|142|
7955|5156|
28743|86|
13106|2|
8022|4|
110441|142|
13106|2|
28743|86|
8022|4|
110441|142|
13106|2|
28743|86|
8022|4|
7176|397|
7152|122|
110441|142|
28743|86|
13106|2|
8022|4|
8022|4|
429032|3026|
13106|2|
8022|4|
110441|142|
13106|2|
28743|86|
8022|4|
13106|2|
8022|4|
110441|142|
13106|2|
28743|86|
7962|21|
8022|4|
221654|302|
13106|2|
28743|86|
8022|4|
110441|142|
13106|2|
28743|86|
7998|20|
13106|2|
7962|21|
8022|4|
8022|4|
8022|4|
8022|4|
8022|4|
8022|4|
110441|142|
13106|2|
28743|86|
8022|4|
8022|4|
110441|142|
13106|2|
13106|2|
28743|86|
7962|21|
8022|4|
8022|4|
110441|142|
13106|2|
28743|86|
8022|4|
110441|142|
13106|2|
28743|86|
8022|4|
13106|2|
8022|4|
110441|142|
90988|1|
90988|1|
28743|86|
28743|86|
7962|21|
8022|4|
8022|4|
13106|2|
13106|2|
8022|4|
110441|142|
28743|86|
13106|2|
8022|4|
110441|142|
13106|2|
28743|86|
8022|4|
110441|142|
28743|86|
13106|2|
7955|5156|
7962|21|
8022|4|
8022|4|
8022|4|
110441|142|
28743|86|
13106|2|
8022|4|
8022|4|
110441|142|
13106|2|
28743|86|
8022|4|
8022|4|
110441|142|
13106|2|
28743|86|
8022|4|
315576|964|
6728|102|
110441|142|
28743|86|
13106|2|
8022|4|
13106|2|
110441|142|
315709|27|
269057|341|
13106|2|
7962|21|
8022|4|
8022|4|
283763|6082|
110441|142|
28743|86|
13106|2|
8022|4|
8022|4|
110441|142|
7955|5156|
8090|109|
13106|2|
28743|86|
7962|21|
8022|4|
7962|21|
8022|4|
2843|309|
2843|309|
110441|142|
110441|142|
90988|1|
28743|86|
90988|1|
28743|86|
8022|4|
6565|67|
6565|67|
8022|4|
110441|142|
13106|2|
90988|1|
13106|2|
28743|86|
7962|21|
8022|4|
8022|4|
110441|142|
90988|1|
13106|2|
28743|86|
13106|2|
8022|4|
8022|4|
8022|4|
110441|142|
28743|86|
13106|2|
8022|4|
110441|142|
13106|2|
28743|86|
|30124|
77651|973|
27404|1260|
52641|372|
110441|142|
28743|86|
13106|2|
7962|21|
8022|4|
204562|3015|
197152|157|
6565|67|
110441|142|
13106|2|
28743|86|
8022|4|
110441|142|
13106|2|
28743|86|
8022|4|
110441|142|
28743|86|
90988|1|
8022|4|
90988|1|
8022|4|
60966|361|
110441|142|
315709|27|
294128|52|
7998|20|
28743|86|
13106|2|
13106|2|
13106|2|
8022|4|
8022|4|
8022|4|
|30584|
2078957|41370|
763296|10357|
315576|964|
61662|640|
247138|4424|
110441|142|
13106|2|
28743|86|
90988|1|
7962|21|
8022|4|
8022|4|
6396|4991|
8022|4|
35525|5|
110441|142|
28743|86|
13106|2|
8022|4|
6565|67|
13106|2|
8022|4|
110441|142|
90988|1|
28743|86|
7962|21|
8022|4|
8022|4|
247138|4424|
110441|142|
28743|86|
13106|2|
90988|1|
8022|4|
7153|85|
