"Species NCBI TaxID"|"Species ECOTOX Number"|
38762|4598|
34816|59|
34816|59|
34816|59|
34816|59|
38762|4598|
38762|4598|
38762|4598|
34816|59|
90988|1|
|213|
|1009|
|213|
|213|
|213|
33528|16|
64152|528|
64152|528|
64152|528|
64152|528|
64152|528|
13106|2|
7176|397|
7176|397|
7176|397|
7176|397|
7176|397|
7176|397|
7176|397|
7176|397|
7176|397|
7176|397|
|2422|
7176|397|
7159|230|
|2290|
169120|1570|
51294|886|
51294|886|
604281|224|
|4791|
|4791|
|4791|
|4791|
|4728|
|4728|
|4728|
|4728|
8355|206|
8355|206|
8355|206|
35525|5|
117530|2371|
6669|8|
103479|407|
90988|1|
90988|1|
90988|1|
35525|5|
90988|1|
6728|102|
6728|102|
6728|102|
6728|102|
7936|574|
7936|574|
7936|574|
7936|574|
8081|28|
104777|1747|
104777|1747|
10195|345|
104777|1747|
8022|4|
135777|209|
135777|209|
8081|28|
8355|206|
8355|206|
58777|1366|
33528|16|
33528|16|
33528|16|
7176|397|
7176|397|
7176|397|
7176|397|
90988|1|
7955|5156|
7955|5156|
90988|1|
8090|109|
1454754|11934|
8090|109|
|4771|
|4771|
|4771|
|5861|
|4771|
|5861|
|4771|
|4771|
|5861|
|4771|
|4771|
|4771|
|5861|
|4771|
|4771|
|4771|
|4771|
|4771|
|4771|
117530|2371|
7176|397|
7176|397|
7176|397|
7176|397|
7176|397|
90988|1|
8127|134|
84645|202|
84645|202|
84645|202|
84645|202|
84645|202|
8127|134|
84645|202|
84645|202|
84645|202|
84645|202|
84645|202|
84645|202|
84645|202|
8127|134|
84645|202|
8127|134|
84645|202|
84645|202|
35525|5|
35525|5|
90988|1|
90988|1|
90988|1|
90988|1|
8356|1492|
8356|1492|
8407|904|
8407|904|
|5860|
|5860|
|5860|
|5860|
|5860|
|5860|
52641|372|
136180|376|
52641|372|
7936|574|
8127|134|
7936|574|
8127|134|
7936|574|
33528|16|
33528|16|
33528|16|
7936|574|
7955|5156|
7176|397|
315576|964|
315576|964|
315576|964|
315576|964|
315576|964|
104777|1747|
10195|345|
|4790|
|3037|
28745|101|
28745|101|
90988|1|
28745|101|
28745|101|
28745|101|
28745|101|
28745|101|
8022|4|
8022|4|
8022|4|
8022|4|
8081|28|
90988|1|
52639|6|
93621|352|
93621|352|
8127|134|
93621|352|
93621|352|
8127|134|
599746|4713|
189839|1262|
446444|5725|
8404|358|
8404|358|
8400|812|
8355|206|
8355|206|
8355|206|
8355|206|
8355|206|
8355|206|
8355|206|
8355|206|
8355|206|
8400|812|
8400|812|
8355|206|
8355|206|
7176|397|
7176|397|
7176|397|
7955|5156|
90988|1|
7955|5156|
90988|1|
8022|4|
35525|5|
35525|5|
6707|582|
6707|582|
6707|582|
6707|582|
6707|582|
110441|142|
117530|2371|
110441|142|
110441|142|
110441|142|
59899|113|
209118|2775|
209118|2775|
209118|2775|
7950|2279|
90988|1|
7950|2279|
7950|2279|
7950|2279|
7950|2279|
|1405|
61662|640|
8355|206|
8355|206|
33528|16|
1211424|387|
261864|1348|
|2555|
261864|1348|
1211424|387|
6761|2461|
6761|2461|
645159|730|
261864|1348|
|2555|
6761|2461|
|2555|
6761|2461|
|2555|
6761|2461|
221654|302|
110441|142|
221654|302|
110441|142|
110441|142|
110441|142|
117530|2371|
110441|142|
110441|142|
221654|302|
110441|142|
110441|142|
221654|302|
|2475|
|2475|
59899|113|
402707|2937|
|2475|
304456|418|
|2475|
64144|351|
59899|113|
304456|418|
304456|418|
59899|113|
304456|418|
|2475|
|2475|
|2475|
93621|352|
269057|341|
28743|86|
28743|86|
28743|86|
269057|341|
269057|341|
269057|341|
28743|86|
7176|397|
117530|2371|
35525|5|
35525|5|
117530|2371|
8081|28|
90988|1|
90988|1|
90988|1|
|5860|
|5860|
|5860|
|5860|
117530|2371|
35525|5|
35525|5|
117530|2371|
33528|16|
8081|28|
10195|345|
104777|1747|
104777|1747|
35525|5|
117530|2371|
35525|5|
117530|2371|
7955|5156|
90988|1|
7955|5156|
10195|345|
104777|1747|
104777|1747|
90988|1|
90988|1|
48194|1397|
90988|1|
90988|1|
104777|1747|
104777|1747|
7955|5156|
7955|5156|
13013|2755|
13013|2755|
13013|2755|
13013|2755|
117530|2371|
90988|1|
35525|5|
221654|302|
8078|57|
7955|5156|
7955|5156|
|4656|
8127|134|
8127|134|
6761|2461|
6761|2461|
6761|2461|
6761|2461|
6761|2461|
304456|418|
304456|418|
304456|418|
304456|418|
8090|109|
35525|5|
35525|5|
8090|109|
8355|206|
8355|206|
8090|109|
8355|206|
8355|206|
90988|1|
90988|1|
90988|1|
90988|1|
90988|1|
28745|101|
28745|101|
28745|101|
28745|101|
28745|101|
28745|101|
28745|101|
8356|1492|
8356|1492|
8356|1492|
8355|206|
8355|206|
28745|101|
28745|101|
28745|101|
28745|101|
28745|101|
28745|101|
28745|101|
90988|1|
69811|146|
90988|1|
90988|1|
90988|1|
90988|1|
90988|1|
90988|1|
90988|1|
8022|4|
7955|5156|
8022|4|
6687|252|
1080760|4701|
221654|302|
221654|302|
221654|302|
221654|302|
221654|302|
221654|302|
8078|57|
8078|57|
90988|1|
8078|57|
8078|57|
8022|4|
8022|4|
8022|4|
8022|4|
90988|1|
90988|1|
90988|1|
90988|1|
7955|5156|
7955|5156|
7955|5156|
90988|1|
|2555|
261864|1348|
261864|1348|
261864|1348|
|2555|
|2555|
|2555|
261864|1348|
28745|101|
28745|101|
28745|101|
28745|101|
90988|1|
28745|101|
90988|1|
90988|1|
90988|1|
28745|101|
28745|101|
7957|25|
7957|25|
7957|25|
7957|25|
8030|68|
8030|68|
8030|68|
8030|68|
8030|68|
8030|68|
8030|68|
8030|68|
8030|68|
8030|68|
8030|68|
8030|68|
8030|68|
8030|68|
8030|68|
8030|68|
8030|68|
8030|68|
8030|68|
8030|68|
8030|68|
8030|68|
8030|68|
8030|68|
8022|4|
8022|4|
8022|4|
8022|4|
6454|1571|
|3037|
221654|302|
8078|57|
28745|101|
28745|101|
28745|101|
28745|101|
28745|101|
28745|101|
90988|1|
28745|101|
8022|4|
8022|4|
8022|4|
8022|4|
90988|1|
7955|5156|
7955|5156|
7955|5156|
38762|4598|
38762|4598|
38762|4598|
7955|5156|
7955|5156|
110441|142|
13106|2|
28743|86|
8022|4|
8022|4|
8022|4|
8022|4|
8022|4|
8022|4|
8022|4|
5908|484|
35525|5|
90988|1|
8081|28|
8022|4|
8022|4|
8022|4|
8022|4|
8355|206|
8355|206|
8355|206|
35525|5|
8081|28|
90988|1|
90988|1|
90988|1|
90988|1|
90988|1|
90988|1|
90988|1|
90988|1|
90988|1|
90988|1|
90988|1|
35525|5|
110441|142|
110441|142|
110441|142|
110441|142|
117530|2371|
90988|1|
90988|1|
283036|3056|
126735|1789|
283036|3056|
34816|59|
34816|59|
41871|2515|
126735|1789|
283036|3056|
41871|2515|
34816|59|
126735|1789|
41871|2515|
34816|59|
126735|1789|
41871|2515|
126735|1789|
41871|2515|
283036|3056|
34816|59|
283036|3056|
34816|59|
126735|1789|
7998|20|
7998|20|
201691|30|
13106|2|
13106|2|
13106|2|
7998|20|
7998|20|
7998|20|
13106|2|
13106|2|
7998|20|
13106|2|
7998|20|
7998|20|
7998|20|
13106|2|
7998|20|
90988|1|
7998|20|
7998|20|
7998|20|
13106|2|
7998|20|
13106|2|
13106|2|
13106|2|
7998|20|
7998|20|
13106|2|
13106|2|
7998|20|
7998|20|
13106|2|
7998|20|
13106|2|
13106|2|
7998|20|
13106|2|
13106|2|
13106|2|
13106|2|
13106|2|
13106|2|
7998|20|
13106|2|
7998|20|
13106|2|
13106|2|
13106|2|
7998|20|
8010|131|
13106|2|
7998|20|
90988|1|
201691|30|
7998|20|
13106|2|
13106|2|
7998|20|
8010|131|
7998|20|
7998|20|
7998|20|
201691|30|
7998|20|
13106|2|
7998|20|
8010|131|
13106|2|
90988|1|
7998|20|
13106|2|
13106|2|
7998|20|
8010|131|
8010|131|
13106|2|
13106|2|
7998|20|
7998|20|
13106|2|
13106|2|
13106|2|
7998|20|
7998|20|
201691|30|
13106|2|
8010|131|
7998|20|
7998|20|
7998|20|
90988|1|
7998|20|
7998|20|
7998|20|
13106|2|
7998|20|
7998|20|
7998|20|
13106|2|
7998|20|
13106|2|
13106|2|
7998|20|
7998|20|
13106|2|
7998|20|
13106|2|
13106|2|
7998|20|
13106|2|
13106|2|
7998|20|
13106|2|
13106|2|
7998|20|
13106|2|
7998|20|
13106|2|
7998|20|
7998|20|
7998|20|
13106|2|
7998|20|
90988|1|
13106|2|
201691|30|
7998|20|
13106|2|
90988|1|
7998|20|
13106|2|
7998|20|
13106|2|
7998|20|
7998|20|
7998|20|
7998|20|
13106|2|
7998|20|
201691|30|
13106|2|
7962|21|
7962|21|
7962|21|
7962|21|
7962|21|
7962|21|
8022|4|
8022|4|
8022|4|
8022|4|
8022|4|
8022|4|
8022|4|
8022|4|
8022|4|
8022|4|
8022|4|
8022|4|
8022|4|
8022|4|
8022|4|
8022|4|
8022|4|
8022|4|
8022|4|
8022|4|
8022|4|
8022|4|
8022|4|
8022|4|
8022|4|
8022|4|
8022|4|
8022|4|
8022|4|
8022|4|
8022|4|
8022|4|
8022|4|
8022|4|
8022|4|
8022|4|
8022|4|
8022|4|
8022|4|
8022|4|
8022|4|
8022|4|
8022|4|
8022|4|
8022|4|
8022|4|
8022|4|
8022|4|
8022|4|
8022|4|
8022|4|
8022|4|
8022|4|
8022|4|
8022|4|
8022|4|
8022|4|
8022|4|
8022|4|
8022|4|
8022|4|
8022|4|
8022|4|
7176|397|
7176|397|
90988|1|
8127|134|
8127|134|
117530|2371|
72446|572|
64144|351|
84645|202|
84645|202|
93621|352|
72446|572|
72446|572|
857636|1836|
683832|422|
337539|308|
857636|1836|
36718|4829|
857636|1836|
93621|352|
36718|4829|
857636|1836|
64144|351|
84645|202|
8127|134|
8127|134|
84645|202|
683832|422|
93621|352|
59899|113|
93621|352|
8127|134|
683832|422|
337539|308|
337539|308|
64144|351|
36718|4829|
59899|113|
337539|308|
72446|572|
36718|4829|
683832|422|
59899|113|
64144|351|
8127|134|
59899|113|
7962|21|
7962|21|
7962|21|
7962|21|
104777|1747|
104777|1747|
10195|345|
35525|5|
8081|28|
90988|1|
90988|1|
90988|1|
90988|1|
7955|5156|
7955|5156|
7955|5156|
52641|372|
52641|372|
52641|372|
7955|5156|
315576|964|
315576|964|
315576|964|
315576|964|
104777|1747|
10195|345|
104777|1747|
90988|1|
90988|1|
28745|101|
28745|101|
90988|1|
90988|1|
28745|101|
90988|1|
28745|101|
90988|1|
90988|1|
90988|1|
90988|1|
90988|1|
90988|1|
90988|1|
90988|1|
90988|1|
10195|345|
104777|1747|
104777|1747|
7955|5156|
7955|5156|
7955|5156|
7955|5156|
7955|5156|
7955|5156|
7955|5156|
221654|302|
104777|1747|
35525|5|
35525|5|
90988|1|
90988|1|
90988|1|
90988|1|
28745|101|
7955|5156|
7955|5156|
90988|1|
7955|5156|
432397|14|
28745|101|
8081|28|
7955|5156|
7962|21|
8022|4|
90988|1|
90988|1|
90988|1|
90988|1|
90988|1|
90988|1|
35525|5|
90988|1|
35525|5|
35525|5|
35525|5|
35525|5|
35525|5|
35525|5|
7955|5156|
8022|4|
104777|1747|
90988|1|
7955|5156|
38762|4598|
38762|4598|
38762|4598|
38762|4598|
38762|4598|
7955|5156|
28745|101|
7955|5156|
28745|101|
28745|101|
28745|101|
28745|101|
28745|101|
28745|101|
7955|5156|
7955|5156|
8022|4|
117530|2371|
117530|2371|
35525|5|
35525|5|
90988|1|
28745|101|
90988|1|
90988|1|
35525|5|
90988|1|
90988|1|
90988|1|
8355|206|
8355|206|
8355|206|
6726|629|
13106|2|
90988|1|
90988|1|
7955|5156|
7955|5156|
7955|5156|
8022|4|
13013|2755|
13013|2755|
13013|2755|
13013|2755|
90988|1|
104777|1747|
104777|1747|
35525|5|
35525|5|
117530|2371|
117530|2371|
90988|1|
7955|5156|
139456|3044|
139456|3044|
117530|2371|
35525|5|
117530|2371|
35525|5|
117530|2371|
304456|418|
38762|4598|
38762|4598|
103479|407|
38762|4598|
38762|4598|
38762|4598|
8081|28|
28745|101|
69293|97|
69293|97|
90988|1|
881664|3050|
881664|3050|
5908|484|
10195|345|
104777|1747|
104777|1747|
104777|1747|
90988|1|
35525|5|
35525|5|
7955|5156|
8022|4|
90988|1|
75329|997|
75329|997|
90988|1|
104777|1747|
10195|345|
104777|1747|
8355|206|
8355|206|
90988|1|
35525|5|
35525|5|
90988|1|
90988|1|
90988|1|
35525|5|
117530|2371|
35525|5|
117530|2371|
90988|1|
90988|1|
90988|1|
90988|1|
90988|1|
8022|4|
110441|142|
110441|142|
110441|142|
110441|142|
110441|142|
110441|142|
93621|352|
7176|397|
7176|397|
7175|210|
7176|397|
7176|397|
7175|210|
7175|210|
7175|210|
7176|397|
7175|210|
7176|397|
7176|397|
7176|397|
7175|210|
61662|640|
8356|1492|
8356|1492|
338212|732|
8355|206|
8355|206|
8355|206|
103373|368|
382087|3013|
|633|
382087|3013|
|633|
6687|252|
382087|3013|
|633|
382087|3013|
|633|
|213|
382087|3013|
|633|
382087|3013|
382087|3013|
382087|3013|
|633|
382087|3013|
|633|
382087|3013|
|633|
6687|252|
382087|3013|
|633|
|633|
382087|3013|
382087|3013|
6687|252|
382087|3013|
|213|
|633|
|633|
382087|3013|
|213|
6687|252|
|213|
|633|
|633|
|633|
382087|3013|
|633|
6687|252|
221654|302|
221654|302|
221654|302|
221654|302|
35525|5|
221654|302|
221654|302|
|2475|
34816|59|
209118|2775|
34816|59|
7936|574|
59899|113|
34816|59|
34816|59|
7936|574|
34816|59|
|2277|
34816|59|
|2475|
|2475|
8127|134|
|2475|
209118|2775|
|2475|
|2475|
7936|574|
7936|574|
34816|59|
59899|113|
|2475|
8127|134|
69293|97|
69293|97|
69293|97|
8022|4|
881664|3050|
881664|3050|
881664|3050|
7176|397|
7149|256|
104777|1747|
98305|600|
1211424|387|
8127|134|
8127|134|
13106|2|
35525|5|
90988|1|
104777|1747|
8128|485|
35525|5|
8081|28|
13106|2|
13106|2|
13106|2|
13106|2|
13106|2|
13106|2|
13106|2|
13106|2|
13106|2|
13106|2|
13106|2|
13106|2|
|4656|
35525|5|
90988|1|
28745|101|
28745|101|
28745|101|
28745|101|
28745|101|
28745|101|
90988|1|
8022|4|
8022|4|
8022|4|
8022|4|
8022|4|
90988|1|
7955|5156|
8022|4|
161924|3045|
32278|4580|
6687|252|
79674|648|
|388|
64467|1008|
103373|368|
1211424|387|
|4705|
117530|2371|
117530|2371|
117530|2371|
117530|2371|
117530|2371|
117530|2371|
117530|2371|
117530|2371|
117530|2371|
117530|2371|
117530|2371|
117530|2371|
117530|2371|
33528|16|
33528|16|
93621|352|
402707|2937|
34816|59|
34816|59|
33528|16|
34816|59|
34816|59|
59899|113|
34816|59|
34816|59|
64144|351|
8081|28|
7176|397|
7175|210|
7176|397|
7176|397|
7175|210|
7176|397|
7175|210|
7176|397|
7175|210|
7176|397|
7176|397|
7176|397|
7175|210|
7175|210|
7176|397|
7176|397|
1511519|3008|
1511519|3008|
634709|4718|
1511519|3008|
283763|6082|
283763|6082|
1511519|3008|
283763|6082|
283763|6082|
|2454|
33528|2298|
33528|2298|
7936|574|
8127|134|
33528|2298|
33528|2298|
33528|2298|
33528|2298|
33528|2298|
33528|2298|
33528|2298|
33528|2298|
33528|2298|
33528|2298|
33528|2298|
33528|2298|
7936|574|
33528|2298|
33528|2298|
33528|2298|
33528|2298|
33528|2298|
33528|2298|
7936|574|
33528|2298|
33528|2298|
7936|574|
33528|2298|
33528|2298|
8128|485|
33528|2298|
33528|2298|
8127|134|
8127|134|
8030|68|
8030|68|
7176|397|
7176|397|
7176|397|
7176|397|
7176|397|
7176|397|
7176|397|
7176|397|
10195|345|
104777|1747|
104777|1747|
104777|1747|
195543|1186|
90988|1|
|388|
6687|252|
161924|3045|
79674|648|
32278|4580|
64467|1008|
69811|146|
69811|146|
69811|146|
69811|146|
69811|146|
69811|146|
28745|101|
28745|101|
|94|
|1444|
|1444|
90988|1|
90988|1|
90988|1|
7176|397|
7176|397|
90988|1|
8355|206|
7955|5156|
28745|101|
28745|101|
7955|5156|
28745|101|
28745|101|
28745|101|
28745|101|
8355|206|
8022|4|
8022|4|
8022|4|
8022|4|
90988|1|
35525|5|
35525|5|
35525|5|
6669|8|
6669|8|
35525|5|
6669|8|
35525|5|
6669|8|
6669|8|
6669|8|
35525|5|
35525|5|
6669|8|
6669|8|
35525|5|
35525|5|
35525|5|
35525|5|
35525|5|
35525|5|
35525|5|
35525|5|
6669|8|
6669|8|
6669|8|
35525|5|
6669|8|
35525|5|
35525|5|
6669|8|
35525|5|
6669|8|
35525|5|
6669|8|
35525|5|
6669|8|
6669|8|
35525|5|
6669|8|
6669|8|
6669|8|
6669|8|
6669|8|
6669|8|
35525|5|
35525|5|
35525|5|
6669|8|
35525|5|
6669|8|
35525|5|
6669|8|
6669|8|
6669|8|
35525|5|
6669|8|
35525|5|
6669|8|
6669|8|
35525|5|
35525|5|
35525|5|
35525|5|
6669|8|
6669|8|
6669|8|
35525|5|
35525|5|
35525|5|
6669|8|
35525|5|
6669|8|
35525|5|
103479|407|
90988|1|
90988|1|
90988|1|
90988|1|
269057|341|
90988|1|
90988|1|
90988|1|
90988|1|
90988|1|
90988|1|
90988|1|
90988|1|
90988|1|
90988|1|
90988|1|
90988|1|
104777|1747|
104777|1747|
104777|1747|
104777|1747|
104777|1747|
104777|1747|
104777|1747|
10195|345|
104777|1747|
104777|1747|
10195|345|
104777|1747|
104777|1747|
10195|345|
104777|1747|
104777|1747|
104777|1747|
104777|1747|
35525|5|
35525|5|
90988|1|
8081|28|
90988|1|
90988|1|
8081|28|
90988|1|
35525|5|
8081|28|
110441|142|
7955|5156|
13106|2|
13106|2|
13106|2|
13106|2|
13106|2|
13106|2|
35525|5|
35525|5|
90988|1|
90988|1|
90988|1|
90988|1|
90988|1|
90988|1|
35525|5|
35525|5|
398979|379|
398979|379|
398979|379|
6668|70|
6668|70|
6668|70|
|1783|
|1783|
|1783|
84645|202|
177615|4623|
84645|202|
84645|202|
683832|422|
295399|860|
8127|134|
683832|422|
8127|134|
8127|134|
177615|4623|
72446|572|
295399|860|
683832|422|
295399|860|
72446|572|
177615|4623|
72446|572|
236715|5187|
107799|1842|
236715|5187|
280153|1841|
280182|4785|
107799|1842|
107799|1842|
280153|1841|
280182|4785|
280153|1841|
236715|5187|
280182|4785|
199954|31614|
55738|10964|
199954|31614|
|1444|
759386|634|
55738|10964|
759386|634|
55738|10964|
|1444|
759386|634|
199954|31614|
|1444|
35525|5|
117530|2371|
35525|5|
117530|2371|
64467|1008|
35525|5|
35525|5|
117530|2371|
35525|5|
35525|5|
6669|8|
6669|8|
35525|5|
6669|8|
35525|5|
117530|2371|
6669|8|
117530|2371|
35525|5|
35525|5|
35525|5|
117530|2371|
35525|5|
35525|5|
6669|8|
117530|2371|
35525|5|
35525|5|
35525|5|
35525|5|
35525|5|
6669|8|
35525|5|
6669|8|
117530|2371|
117530|2371|
35525|5|
117530|2371|
35525|5|
6669|8|
35525|5|
35525|5|
6669|8|
35525|5|
6669|8|
6669|8|
6669|8|
6669|8|
6669|8|
35525|5|
35525|5|
110441|142|
6669|8|
6669|8|
117530|2371|
6669|8|
6669|8|
35525|5|
35525|5|
6669|8|
35525|5|
35525|5|
35525|5|
6669|8|
117530|2371|
6669|8|
117530|2371|
117530|2371|
35525|5|
117530|2371|
117530|2371|
6669|8|
6669|8|
35525|5|
6669|8|
35525|5|
6669|8|
117530|2371|
6669|8|
6669|8|
6669|8|
6669|8|
6669|8|
35525|5|
6669|8|
35525|5|
117530|2371|
117530|2371|
117530|2371|
35525|5|
6669|8|
6669|8|
6669|8|
6669|8|
6669|8|
117530|2371|
6669|8|
35525|5|
35525|5|
69293|97|
881664|3050|
104777|1747|
10195|345|
104777|1747|
38762|4598|
38762|4598|
38762|4598|
38762|4598|
8355|206|
8355|206|
8355|206|
35525|5|
8081|28|
|7441|
|7441|
|2921|
|2921|
117530|2371|
|2921|
|2921|
7998|20|
90988|1|
35525|5|
8081|28|
103373|368|
1211424|387|
1080760|4701|
117530|2371|
117530|2371|
117530|2371|
117530|2371|
117530|2371|
7936|574|
64150|579|
64150|579|
7936|574|
64150|579|
64150|579|
64150|579|
64152|528|
64150|579|
64150|579|
64150|579|
64150|579|
64152|528|
64150|579|
64150|579|
64150|579|
64150|579|
64150|579|
64152|528|
64150|579|
64150|579|
64150|579|
64150|579|
64150|579|
59899|113|
64150|579|
64150|579|
64150|579|
64150|579|
64150|579|
64150|579|
64150|579|
64150|579|
64150|579|
64150|579|
64150|579|
64150|579|
64150|579|
64150|579|
64152|528|
425479|2761|
64152|528|
64150|579|
64150|579|
64150|579|
64150|579|
7936|574|
64150|579|
64150|579|
64150|579|
64150|579|
7936|574|
64150|579|
64150|579|
64150|579|
64150|579|
64150|579|
64150|579|
64150|579|
33528|16|
33528|16|
35528|2055|
35528|2055|
35525|5|
90988|1|
90988|1|
90988|1|
90988|1|
7176|397|
7176|397|
143416|31613|
143416|31613|
|213|
|213|
|213|
|213|
59899|113|
93621|352|
93621|352|
93621|352|
8127|134|
93621|352|
93621|352|
8127|134|
93621|352|
93621|352|
93621|352|
8127|134|
8127|134|
6669|8|
35525|5|
117530|2371|
7936|574|
7936|574|
7936|574|
7936|574|
7955|5156|
8081|28|
7962|21|
7962|21|
7962|21|
7962|21|
7176|397|
7176|397|
7176|397|
104777|1747|
7176|397|
7176|397|
90988|1|
117530|2371|
7176|397|
7176|397|
35525|5|
90988|1|
7176|397|
7176|397|
7176|397|
7176|397|
7955|5156|
90988|1|
35525|5|
35525|5|
90988|1|
90988|1|
35525|5|
35525|5|
8081|28|
|1787|
8022|4|
7955|5156|
90988|1|
35525|5|
35525|5|
110441|142|
28743|86|
8022|4|
8022|4|
8022|4|
8022|4|
8022|4|
8022|4|
8022|4|
8022|4|
7153|85|
7153|85|
7153|85|
90988|1|
90988|1|
90988|1|
90988|1|
90988|1|
90988|1|
8355|206|
161924|3045|
6687|252|
79674|648|
64467|1008|
32278|4580|
|388|
90988|1|
8022|4|
8265|665|
8265|665|
8022|4|
8022|4|
35525|5|
90988|1|
90988|1|
90988|1|
90988|1|
35525|5|
35525|5|
8090|109|
8090|109|
90988|1|
35525|5|
35525|5|
|213|
|213|
|213|
|213|
93621|352|
93621|352|
93621|352|
59899|113|
93621|352|
93621|352|
|94|
117530|2371|
7955|5156|
117530|2371|
35525|5|
90988|1|
90988|1|
35525|5|
28745|101|
35525|5|
35525|5|
7955|5156|
35525|5|
7955|5156|
7955|5156|
7955|5156|
1231918|445|
1231918|445|
1231918|445|
1231918|445|
1231918|445|
1231918|445|
1231918|445|
1231918|445|
1231918|445|
1231918|445|
1231918|445|
1231918|445|
1231918|445|
1231918|445|
1231918|445|
8090|109|
8090|109|
90988|1|
104777|1747|
104777|1747|
10195|345|
8127|134|
8127|134|
8127|134|
8127|134|
90988|1|
8090|109|
8355|206|
8355|206|
28745|101|
35525|5|
90988|1|
90988|1|
90988|1|
90988|1|
8090|109|
8090|109|
8355|206|
8355|206|
8022|4|
8090|109|
8355|206|
8355|206|
8355|206|
8355|206|
8355|206|
8355|206|
90988|1|
6728|102|
6728|102|
6728|102|
6728|102|
7936|574|
7936|574|
7936|574|
7936|574|
8090|109|
8090|109|
8090|109|
8090|109|
8090|109|
90988|1|
8090|109|
13013|2079|
8081|28|
8081|28|
38762|4598|
38762|4598|
38762|4598|
38762|4598|
|48095|
2094052|2909|
|48096|
527158|2685|
235388|48093|
235388|48093|
235388|48093|
235388|48093|
120796|4816|
120796|4816|
120796|4816|
120796|4816|
|2982|
|2982|
753908|48092|
753908|48092|
753908|48092|
753908|48092|
120796|4816|
120796|4816|
120796|4816|
120796|4816|
858229|48094|
858229|48094|
858229|48094|
858229|48094|
86242|4753|
86242|4753|
86242|4753|
86242|4753|
86242|4753|
|2982|
|2982|
86242|4753|
|2982|
86242|4753|
86242|4753|
|2982|
|2982|
|2982|
90988|1|
139456|3044|
139456|3044|
35525|5|
103479|407|
38762|4598|
103479|407|
103479|407|
38762|4598|
103479|407|
38762|4598|
38762|4598|
38762|4598|
169120|1570|
|3043|
|2290|
51294|886|
604281|224|
90988|1|
104777|1747|
104777|1747|
104777|1747|
10195|345|
35525|5|
35525|5|
|1183|
|1183|
|1075|
117530|2371|
117530|2371|
35525|5|
35525|5|
238741|2208|
238741|2208|
238741|2208|
38762|4598|
38762|4598|
84645|202|
38762|4598|
38762|4598|
38762|4598|
1511519|3008|
283763|6082|
1511519|3008|
1511519|3008|
1511519|3008|
283763|6082|
283763|6082|
283763|6082|
35525|5|
35525|5|
8090|109|
8090|109|
90988|1|
35525|5|
74940|22|
74940|22|
74940|22|
74940|22|
35525|5|
117530|2371|
117530|2371|
117530|2371|
117530|2371|
|633|
|633|
|633|
|633|
|633|
|633|
|633|
|633|
|633|
|633|
|633|
|633|
|633|
|633|
|633|
|633|
117530|2371|
117530|2371|
34816|59|
34816|59|
34816|59|
34816|59|
34816|59|
34816|59|
90988|1|
7962|21|
126204|537|
7176|397|
90988|1|
8090|109|
8090|109|
90988|1|
90988|1|
117530|2371|
54969|1452|
54969|1452|
54969|1452|
54969|1452|
54969|1452|
54969|1452|
54969|1452|
54969|1452|
90988|1|
35525|5|
35525|5|
69293|97|
8022|4|
6550|208|
8404|358|
8404|358|
8404|358|
8404|358|
8404|358|
8404|358|
8355|206|
8355|206|
8355|206|
8355|206|
8355|206|
8355|206|
|4902|
|4902|
8127|134|
|4902|
|4902|
8127|134|
|4415|
|4902|
136180|376|
52641|372|
136140|1784|
136180|376|
52641|372|
52641|372|
136180|376|
136180|376|
136180|376|
136180|376|
136140|1784|
136180|376|
136180|376|
294128|52|
136140|1784|
136180|376|
117530|2371|
136180|376|
136180|376|
7955|5156|
90988|1|
466807|912|
7153|85|
7153|85|
7153|85|
7153|85|
315576|964|
|1405|
61662|640|
8017|219|
8017|219|
8017|219|
8017|219|
8017|219|
8017|219|
8017|219|
8017|219|
8017|219|
8017|219|
8017|219|
8017|219|
8019|23|
8019|23|
8019|23|
8019|23|
74940|22|
8019|23|
8019|23|
8019|23|
74940|22|
74940|22|
8019|23|
8019|23|
74940|22|
8022|4|
8022|4|
8022|4|
8022|4|
8022|4|
8022|4|
8022|4|
8022|4|
8022|4|
8022|4|
8022|4|
8022|4|
8022|4|
8022|4|
8022|4|
8018|736|
8023|90|
8018|736|
8023|90|
8023|90|
8018|736|
8018|736|
8023|90|
8090|109|
90988|1|
90988|1|
8355|206|
8355|206|
8355|206|
8022|4|
117530|2371|
117530|2371|
117530|2371|
117530|2371|
34816|59|
34816|59|
34816|59|
34816|59|
34816|59|
34816|59|
34816|59|
34816|59|
34816|59|
34816|59|
34816|59|
34816|59|
34816|59|
34816|59|
34816|59|
34816|59|
34816|59|
34816|59|
34816|59|
34816|59|
34816|59|
34816|59|
34816|59|
34816|59|
74940|22|
35525|5|
6761|2461|
6761|2461|
6761|2461|
645159|730|
6761|2461|
6761|2461|
8127|134|
90988|1|
8022|4|
35525|5|
35525|5|
90988|1|
90988|1|
90988|1|
90988|1|
35525|5|
8127|134|
8127|134|
7962|21|
7962|21|
7962|21|
7962|21|
117530|2371|
117530|2371|
117530|2371|
35525|5|
35525|5|
|4656|
8090|109|
7955|5156|
8356|1492|
8356|1492|
90988|1|
35525|5|
103373|368|
103373|368|
103373|368|
103373|368|
103373|368|
103373|368|
|633|
|633|
|633|
|633|
58777|1366|
|633|
|633|
|633|
|633|
|633|
|633|
|633|
|633|
|633|
|633|
7936|574|
7936|574|
7936|574|
7936|574|
7175|210|
7175|210|
7175|210|
7176|397|
7176|397|
7175|210|
7176|397|
7175|210|
7176|397|
7176|397|
7176|397|
7175|210|
10195|345|
104777|1747|
104777|1747|
104777|1747|
104777|1747|
13106|2|
13106|2|
13106|2|
7955|5156|
7955|5156|
315576|964|
315576|964|
52641|372|
117530|2371|
117530|2371|
117530|2371|
117530|2371|
117530|2371|
117530|2371|
117530|2371|
117530|2371|
117530|2371|
117530|2371|
117530|2371|
117530|2371|
117530|2371|
117530|2371|
117530|2371|
7962|21|
7962|21|
7962|21|
7962|21|
7962|21|
7962|21|
7962|21|
7962|21|
7962|21|
7962|21|
7962|21|
7962|21|
7962|21|
7962|21|
7962|21|
7962|21|
7962|21|
7962|21|
7962|21|
7962|21|
7962|21|
7962|21|
7962|21|
7962|21|
7962|21|
7962|21|
7962|21|
|4656|
33528|16|
33528|16|
33528|16|
7176|397|
7175|210|
7176|397|
7176|397|
7176|397|
7175|210|
7176|397|
7176|397|
7176|397|
7175|210|
7176|397|
7176|397|
7175|210|
7176|397|
7175|210|
7176|397|
7175|210|
7176|397|
|2421|
35525|5|
8128|485|
7962|21|
7962|21|
7962|21|
7962|21|
8017|219|
8017|219|
8017|219|
8017|219|
8017|219|
8017|219|
8017|219|
8017|219|
8017|219|
8017|219|
8017|219|
8017|219|
8019|23|
8019|23|
74940|22|
8019|23|
74940|22|
74940|22|
74940|22|
8019|23|
8019|23|
8019|23|
8019|23|
8019|23|
8019|23|
8019|23|
8019|23|
8019|23|
8022|4|
8022|4|
8022|4|
8022|4|
8022|4|
8022|4|
8022|4|
8022|4|
8022|4|
8022|4|
8022|4|
8022|4|
8023|90|
8018|736|
8018|736|
8023|90|
8018|736|
8023|90|
8018|736|
8023|90|
35525|5|
117530|2371|
117530|2371|
35525|5|
315707|7|
315707|7|
90988|1|
90988|1|
8022|4|
8022|4|
8022|4|
35525|5|
90988|1|
90988|1|
90988|1|
90988|1|
90988|1|
90988|1|
8355|206|
8355|206|
8355|206|
90988|1|
|4656|
35525|5|
35525|5|
90988|1|
90988|1|
90988|1|
90988|1|
90988|1|
|5868|
8127|134|
1664192|2820|
33528|16|
8127|134|
35525|5|
|4656|
7176|397|
7176|397|
8038|3|
8038|3|
8038|3|
8038|3|
90988|1|
90988|1|
45954|218|
8355|206|
8355|206|
8355|206|
8032|49|
8032|49|
8032|49|
8032|49|
8032|49|
104777|1747|
104777|1747|
64152|528|
64152|528|
64152|528|
64152|528|
64152|528|
8255|1874|
8255|1874|
269057|341|
269057|341|
104777|1747|
104777|1747|
10195|345|
6550|208|
6550|208|
143350|1202|
143350|1202|
64152|528|
64152|528|
64152|528|
64152|528|
143350|1202|
64152|528|
143350|1202|
104777|1747|
10195|345|
104777|1747|
644998|635|
110441|142|
110441|142|
269057|341|
269057|341|
10195|345|
104777|1747|
104777|1747|
104777|1747|
104777|1747|
10195|345|
6239|4550|
6239|4550|
6239|4550|
6239|4550|
110441|142|
6763|76|
110441|142|
110441|142|
110441|142|
110441|142|
110441|142|
110441|142|
110441|142|
110441|142|
110441|142|
6763|76|
110441|142|
110441|142|
294128|52|
143350|1202|
143350|1202|
64152|528|
8255|1874|
8255|1874|
64152|528|
64152|528|
64152|528|
143350|1202|
64152|528|
143350|1202|
10195|345|
10195|345|
104777|1747|
10195|345|
104777|1747|
104777|1747|
10195|345|
644998|635|
6761|2461|
6761|2461|
6761|2461|
6761|2461|
|3002|
|3002|
|3002|
|3002|
79674|648|
159741|1460|
79674|648|
79674|648|
79674|648|
79674|648|
79674|648|
79674|648|
79674|648|
79674|648|
79674|648|
79674|648|
159741|1460|
79674|648|
79674|648|
79674|648|
79674|648|
159741|1460|
79674|648|
79674|648|
159741|1460|
79674|648|
79674|648|
79674|648|
159741|1460|
79674|648|
159741|1460|
79674|648|
159741|1460|
159741|1460|
79674|648|
79674|648|
159741|1460|
79674|648|
79674|648|
79674|648|
159741|1460|
79674|648|
159741|1460|
79674|648|
79674|648|
79674|648|
79674|648|
79674|648|
79674|648|
79674|648|
159741|1460|
159741|1460|
79674|648|
159741|1460|
79674|648|
159741|1460|
79674|648|
79674|648|
79674|648|
79674|648|
79674|648|
159741|1460|
79674|648|
79674|648|
79674|648|
79674|648|
159741|1460|
79674|648|
79674|648|
159741|1460|
117530|2371|
117530|2371|
117530|2371|
117530|2371|
117530|2371|
117530|2371|
117530|2371|
117530|2371|
117530|2371|
117530|2371|
52641|372|
117530|2371|
117530|2371|
117530|2371|
117530|2371|
52641|372|
117530|2371|
117530|2371|
117530|2371|
117530|2371|
52641|372|
117530|2371|
117530|2371|
117530|2371|
8127|134|
76340|1196|
76340|1196|
76340|1196|
8127|134|
64152|528|
64152|528|
143350|1202|
8127|134|
143350|1202|
64152|528|
143350|1202|
8127|134|
143350|1202|
8127|134|
8127|134|
76340|1196|
64152|528|
76340|1196|
64152|528|
64152|528|
269057|341|
269057|341|
315576|964|
315576|964|
315576|964|
7667|1615|
7691|10994|
104777|1747|
104777|1747|
104777|1747|
104777|1747|
104777|1747|
104777|1747|
104777|1747|
10195|345|
104777|1747|
644998|635|
117530|2371|
35525|5|
117530|2371|
117530|2371|
117530|2371|
117530|2371|
117530|2371|
35525|5|
117530|2371|
117530|2371|
117530|2371|
143350|1202|
143350|1202|
143350|1202|
8255|1874|
143350|1202|
8255|1874|
7667|1615|
7691|10994|
10195|345|
104777|1747|
104777|1747|
126592|744|
126592|744|
126592|744|
126592|744|
126592|744|
126592|744|
126592|744|
126592|744|
126592|744|
126592|744|
126592|744|
|1787|
|2454|
|4656|
8404|358|
8404|358|
8389|765|
8389|765|
8404|358|
8404|358|
8404|358|
8389|765|
8404|358|
8404|358|
8389|765|
8389|765|
6660|421|
6660|421|
1080760|4701|
6231|51523|
6231|51523|
6231|51523|
169120|1570|
|2290|
|3037|
6231|51523|
|3043|
604281|224|
51294|886|
|3002|
45954|218|
38762|4598|
38762|4598|
38762|4598|
38762|4598|
38762|4598|
|4705|
35528|2055|
338212|732|
35528|2055|
|4705|
338212|732|
|4705|
274642|5973|
700594|4630|
700594|4630|
6728|102|
274642|5973|
139456|3044|
|4705|
6728|102|
274642|5973|
6728|102|
274642|5973|
6669|8|
1664192|2820|
|1349|
304456|418|
8127|134|
70285|400|
|1349|
8127|134|
304456|418|
304456|418|
304456|418|
|1349|
93621|352|
8127|134|
|1349|
38762|4598|
304456|418|
|1349|
8127|134|
38762|4598|
70285|400|
38762|4598|
8127|134|
38762|4598|
38762|4598|
8127|134|
304456|418|
|1349|
8019|23|
74940|22|
74940|22|
74940|22|
8019|23|
74940|22|
8022|4|
8022|4|
201961|4545|
|3002|
|3002|
|1444|
759386|634|
|3002|
|3002|
644998|635|
|1444|
644998|635|
644998|635|
759386|634|
759386|634|
|1787|
|2290|
|3043|
169120|1570|
|3037|
6239|4550|
6239|4550|
6239|4550|
6239|4550|
51294|886|
604281|224|
8081|28|
13013|2079|
8081|28|
74940|22|
74940|22|
74940|22|
8019|23|
74940|22|
8019|23|
8019|23|
8019|23|
139456|3044|
139456|3044|
139456|3044|
139456|3044|
139456|3044|
139456|3044|
139456|3044|
139456|3044|
13013|2079|
34816|59|
8161|922|
8355|206|
8081|28|
|3037|
3077|479|
6669|8|
35525|5|
221654|302|
70285|400|
70285|400|
70285|400|
70285|400|
70285|400|
70285|400|
70285|400|
70285|400|
70285|400|
70285|400|
70285|400|
70285|400|
70285|400|
70285|400|
70285|400|
8078|57|
7955|5156|
7957|25|
7957|25|
7957|25|
8019|23|
8019|23|
74940|22|
8019|23|
8019|23|
74940|22|
74940|22|
8019|23|
74940|22|
8019|23|
8019|23|
8019|23|
8022|4|
8022|4|
8022|4|
8022|4|
8022|4|
|3043|
169120|1570|
|3037|
|2290|
6239|4550|
51294|886|
6239|4550|
6239|4550|
6239|4550|
604281|224|
35525|5|
35525|5|
117530|2371|
35525|5|
117530|2371|
117530|2371|
117530|2371|
117530|2371|
8081|28|
8081|28|
161924|3045|
32278|4580|
|388|
32278|4580|
161924|3045|
32278|4580|
|388|
161924|3045|
|388|
161924|3045|
161924|3045|
|388|
|388|
|388|
32278|4580|
32278|4580|
|388|
|388|
32278|4580|
161924|3045|
|388|
32278|4580|
32278|4580|
161924|3045|
|388|
32278|4580|
|388|
|388|
|388|
32278|4580|
|388|
|388|
|388|
161924|3045|
|388|
32278|4580|
|388|
32278|4580|
161924|3045|
32278|4580|
|388|
32278|4580|
161924|3045|
|388|
143350|4755|
61620|2497|
143350|4755|
304456|418|
143350|4755|
143350|4755|
61620|2497|
143350|4755|
143350|4755|
143350|4755|
143350|4755|
143350|4755|
74940|22|
104777|1747|
45954|218|
|4757|
|4757|
|4757|
|4757|
|4757|
8022|4|
8022|4|
8022|4|
8022|4|
8022|4|
599825|4607|
869943|223|
1208699|4663|
338476|4556|
1208702|4678|
638974|5883|
239368|1073|
239368|1073|
239368|1073|
355514|1654|
239368|1073|
38762|4598|
355514|1654|
38762|4598|
239368|1073|
355514|1654|
38762|4598|
239368|1073|
239368|1073|
355514|1654|
239368|1073|
239368|1073|
239368|1073|
239368|1073|
355514|1654|
239368|1073|
355514|1654|
239368|1073|
38762|4598|
355514|1654|
355514|1654|
355514|1654|
239368|1073|
239368|1073|
239368|1073|
355514|1654|
7878|13814|
355514|1654|
239368|1073|
239368|1073|
38762|4598|
355514|1654|
31178|207|
10195|345|
104777|1747|
104777|1747|
|706|
6660|421|
6660|421|
35525|5|
6669|8|
38762|4598|
38762|4598|
38762|4598|
38762|4598|
70285|400|
70285|400|
8081|28|
8081|28|
8081|28|
8081|28|
8081|28|
8081|28|
8019|23|
8019|23|
8022|4|
8022|4|
|3037|
6239|4550|
6239|4550|
6239|4550|
6239|4550|
161924|3045|
|388|
32278|4580|
6687|252|
79674|648|
64467|1008|
6668|70|
3077|479|
3077|479|
3077|479|
274642|5973|
274642|5973|
274642|5973|
6661|3004|
35528|2055|
35528|2055|
274642|5973|
|2774|
38762|4598|
8127|134|
8128|485|
38762|4598|
|2774|
38762|4598|
38762|4598|
|2774|
432397|14|
38762|4598|
13013|2755|
|2774|
90988|1|
7955|5156|
172659|4638|
8081|28|
7962|21|
8022|4|
|3002|
|3002|
|3002|
|3002|
38762|4598|
38762|4598|
38762|4598|
|2290|
169120|1570|
|3043|
604281|224|
51294|886|
6687|252|
64467|1008|
274642|5973|
79674|648|
274642|5973|
35528|2055|
159741|1460|
32278|4580|
700594|4630|
274642|5973|
161924|3045|
|388|
159741|1460|
274642|5973|
35528|2055|
6661|3004|
159741|1460|
159741|1460|
700594|4630|
35525|5|
35525|5|
35525|5|
35525|5|
35525|5|
35525|5|
117530|2371|
35525|5|
35525|5|
35525|5|
6669|8|
35525|5|
35525|5|
35525|5|
221654|302|
35525|5|
35525|5|
35525|5|
35525|5|
35525|5|
35525|5|
35525|5|
93621|352|
|2774|
34816|59|
93621|352|
93621|352|
70285|400|
70285|400|
70285|400|
103204|4746|
93621|352|
304456|418|
8255|1874|
38762|4598|
70285|400|
38762|4598|
34816|59|
70285|400|
34816|59|
38762|4598|
70285|400|
93621|352|
|2774|
70285|400|
38762|4598|
34816|59|
|2774|
70285|400|
8127|134|
93621|352|
103204|4746|
34816|59|
34816|59|
34816|59|
38762|4598|
70285|400|
34816|59|
93621|352|
|2774|
70285|400|
70285|400|
34816|59|
93621|352|
34816|59|
70285|400|
34816|59|
70285|400|
70285|400|
70285|400|
70285|400|
34816|59|
103204|4746|
8255|1874|
8078|57|
90988|1|
8081|28|
7957|25|
7957|25|
7957|25|
7957|25|
7957|25|
7957|25|
7957|25|
8019|23|
8019|23|
8019|23|
8019|23|
74940|22|
74940|22|
8019|23|
8019|23|
74940|22|
8019|23|
74940|22|
8019|23|
74940|22|
8019|23|
74940|22|
8019|23|
8022|4|
8022|4|
8022|4|
8022|4|
|3002|
|1444|
|3002|
157967|4720|
|3002|
|1444|
|3002|
6526|577|
6550|208|
6550|208|
|1618|
|1618|
294128|52|
33528|16|
13106|2|
8022|4|
248245|3054|
219455|801|
603693|614|
143734|1285|
|1618|
6239|4550|
6239|4550|
6239|4550|
6239|4550|
6660|421|
6660|421|
70285|400|
70285|400|
74940|22|
8019|23|
74940|22|
8019|23|
74940|22|
74940|22|
8019|23|
8022|4|
|1003|
|1003|
|3037|
74940|22|
74940|22|
74940|22|
74940|22|
74940|22|
74940|22|
74940|22|
74940|22|
70285|400|
70285|400|
70285|400|
70285|400|
70285|400|
70285|400|
70285|400|
70285|400|
70285|400|
70285|400|
70285|400|
70285|400|
70285|400|
70285|400|
70285|400|
70285|400|
8019|23|
8019|23|
8019|23|
8019|23|
8019|23|
8019|23|
8022|4|
8022|4|
8022|4|
8022|4|
139456|3044|
700594|4630|
700594|4630|
117530|2371|
117530|2371|
6669|8|
35525|5|
36718|4829|
36718|4829|
432397|14|
36718|4829|
36718|4829|
36718|4829|
36718|4829|
36718|4829|
36718|4829|
36718|4829|
8255|1874|
90988|1|
7955|5156|
8081|28|
90988|1|
8081|28|
90988|1|
90988|1|
90988|1|
7955|5156|
8081|28|
8081|28|
8081|28|
8081|28|
90988|1|
90988|1|
8081|28|
90988|1|
90988|1|
90988|1|
90988|1|
90988|1|
8081|28|
90988|1|
90988|1|
90988|1|
7955|5156|
90988|1|
7962|21|
7962|21|
7962|21|
7962|21|
8022|4|
|3043|
169120|1570|
|2290|
6239|4550|
6239|4550|
6239|4550|
6239|4550|
604281|224|
51294|886|
6668|70|
45954|218|
45954|218|
45954|218|
45954|218|
52641|372|
6761|2461|
6761|2461|
6761|2461|
6761|2461|
35525|5|
35525|5|
8019|23|
8019|23|
8019|23|
8019|23|
74940|22|
8019|23|
8019|23|
8019|23|
74940|22|
74940|22|
74940|22|
74940|22|
74940|22|
74940|22|
74940|22|
8019|23|
315576|964|
315576|964|
10195|345|
104777|1747|
104777|1747|
8127|134|
8127|134|
8127|134|
8127|134|
8127|134|
70285|400|
70285|400|
74940|22|
74940|22|
8019|23|
8019|23|
74940|22|
74940|22|
8022|4|
8022|4|
6239|4550|
6239|4550|
6239|4550|
6239|4550|
35525|5|
90988|1|
90988|1|
90988|1|
90988|1|
117530|2371|
6661|3004|
|3002|
|3002|
|3002|
|3002|
274642|5973|
274642|5973|
274642|5973|
274642|5973|
38762|4598|
38762|4598|
38762|4598|
38762|4598|
38762|4598|
|1787|
161924|3045|
6687|252|
|388|
79674|648|
32278|4580|
64467|1008|
349386|4818|
152158|1357|
338212|732|
349386|4818|
349386|4818|
349386|4818|
349386|4818|
349386|4818|
349386|4818|
349386|4818|
349386|4818|
349386|4818|
349386|4818|
349386|4818|
40829|2039|
8127|134|
55729|2441|
|4656|
6687|252|
152158|1357|
120202|240|
120202|240|
152158|1357|
|1783|
|1783|
120202|240|
6961|1129|
6961|1129|
169422|1451|
169422|1451|
|1444|
55738|10964|
199954|31614|
55738|10964|
199954|31614|
|1444|
195543|1186|
195543|1186|
209118|2775|
209118|2775|
64152|528|
93621|352|
90988|1|
1080760|4701|
1080760|4701|
8081|28|
110441|142|
294128|52|
294128|52|
7998|20|
7998|20|
7153|85|
7153|85|
6088|2340|
6082|2329|
109671|4637|
109671|4637|
6239|4550|
6239|4550|
6239|4550|
6239|4550|
6239|4550|
110441|142|
110441|142|
110441|142|
110441|142|
110441|142|
110441|142|
110441|142|
110441|142|
110441|142|
110441|142|
110441|142|
110441|142|
110441|142|
110441|142|
110441|142|
110441|142|
74940|22|
74940|22|
74940|22|
74940|22|
8019|23|
74940|22|
74940|22|
74940|22|
8019|23|
74940|22|
74940|22|
74940|22|
74940|22|
74940|22|
35525|5|
117530|2371|
117530|2371|
35525|5|
38762|4598|
38762|4598|
38762|4598|
38762|4598|
38762|4598|
35525|5|
6661|3004|
6660|421|
6660|421|
35525|5|
52641|372|
|5476|
70285|400|
38762|4598|
38762|4598|
|4415|
|5476|
70285|400|
70285|400|
70285|400|
70285|400|
70285|400|
70285|400|
70285|400|
|5476|
70285|400|
|4415|
70285|400|
38762|4598|
|5476|
8019|23|
8019|23|
8019|23|
8019|23|
8019|23|
8019|23|
8019|23|
8019|23|
8022|4|
8022|4|
8022|4|
27751|493|
|4790|
6239|4550|
6239|4550|
6239|4550|
6239|4550|
35525|5|
70285|400|
70285|400|
8019|23|
8019|23|
8019|23|
74940|22|
8019|23|
8019|23|
74940|22|
8019|23|
74940|22|
74940|22|
8019|23|
8019|23|
74940|22|
74940|22|
74940|22|
8019|23|
74940|22|
74940|22|
8019|23|
8019|23|
8019|23|
8019|23|
8022|4|
8022|4|
161924|3045|
161924|3045|
161924|3045|
161924|3045|
161924|3045|
161924|3045|
161924|3045|
161924|3045|
161924|3045|
161924|3045|
38577|1194|
38577|1194|
38577|1194|
38577|1194|
8399|1033|
8355|206|
700594|4630|
274642|5973|
274642|5973|
6660|421|
1080760|4701|
6728|102|
274642|5973|
274642|5973|
6728|102|
6660|421|
236562|3034|
700594|4630|
6728|102|
35525|5|
6669|8|
35525|5|
6669|8|
35525|5|
35525|5|
6669|8|
6669|8|
221654|302|
35525|5|
6669|8|
6669|8|
52638|2258|
35525|5|
6669|8|
35525|5|
35525|5|
35525|5|
35525|5|
6669|8|
35525|5|
35525|5|
35525|5|
6669|8|
35525|5|
35525|5|
35525|5|
35525|5|
221654|302|
35525|5|
35525|5|
6669|8|
35525|5|
35525|5|
35525|5|
35525|5|
6669|8|
6669|8|
35525|5|
35525|5|
6669|8|
35525|5|
35525|5|
35525|5|
6669|8|
35525|5|
6669|8|
221654|302|
35525|5|
6669|8|
35525|5|
35525|5|
35525|5|
6669|8|
52638|2258|
6669|8|
35525|5|
35525|5|
6669|8|
35525|5|
6669|8|
6669|8|
35525|5|
6669|8|
35525|5|
6669|8|
35525|5|
6669|8|
6669|8|
35525|5|
35525|5|
6669|8|
52638|2258|
35525|5|
6669|8|
6669|8|
6669|8|
6669|8|
35525|5|
35525|5|
6669|8|
35525|5|
6669|8|
70285|400|
163149|867|
1231918|445|
163149|867|
163149|867|
1231918|445|
93621|352|
163149|867|
1231918|445|
1231918|445|
163149|867|
1231918|445|
38762|4598|
1231918|445|
163149|867|
1231918|445|
163149|867|
1231918|445|
1231918|445|
1231918|445|
1231918|445|
38762|4598|
163149|867|
103479|407|
1231918|445|
163149|867|
163149|867|
1231918|445|
163149|867|
163149|867|
1231918|445|
1231918|445|
1231918|445|
103479|407|
103479|407|
38762|4598|
1231918|445|
163149|867|
103479|407|
163149|867|
38762|4598|
163149|867|
1231918|445|
1231918|445|
1231918|445|
163149|867|
103479|407|
38762|4598|
1231918|445|
304456|418|
1231918|445|
8078|57|
8019|23|
8019|23|
74940|22|
8019|23|
74940|22|
8019|23|
74940|22|
74940|22|
8022|4|
136010|2888|
315576|964|
315576|964|
315576|964|
315576|964|
315576|964|
315576|964|
5908|484|
926813|4727|
|3002|
926813|4727|
926813|4727|
926813|4727|
926813|4727|
926813|4727|
|1787|
926813|4727|
926813|4727|
926813|4727|
|3002|
926813|4727|
|3002|
926813|4727|
926813|4727|
926813|4727|
926813|4727|
|3002|
926813|4727|
150440|15623|
169120|1570|
|2290|
|3037|
|3043|
51294|886|
6239|4550|
6239|4550|
6239|4550|
6239|4550|
604281|224|
93621|352|
93621|352|
93621|352|
8127|134|
93621|352|
93621|352|
93621|352|
93621|352|
93621|352|
|1787|
|4790|
|2454|
8022|4|
|1787|
90988|1|
|1075|
|1618|
|2290|
169120|1570|
604281|224|
51294|886|
|4656|
669471|2348|
6660|421|
6660|421|
274642|5973|
6706|346|
6706|346|
274642|5973|
79674|648|
79674|648|
79674|648|
79674|648|
274642|5973|
|388|
79674|648|
79674|648|
79674|648|
139456|3044|
79674|648|
32278|4580|
79674|648|
6706|346|
32278|4580|
79674|648|
274642|5973|
274642|5973|
79674|648|
79674|648|
79674|648|
274642|5973|
64467|1008|
79674|648|
32278|4580|
79674|648|
79674|648|
79674|648|
139456|3044|
79674|648|
274642|5973|
79674|648|
274642|5973|
79674|648|
79674|648|
79674|648|
32278|4580|
139456|3044|
79674|648|
6706|346|
79674|648|
79674|648|
79674|648|
79674|648|
79674|648|
79674|648|
79674|648|
6687|252|
139456|3044|
79674|648|
79674|648|
79674|648|
578590|3036|
6706|346|
274642|5973|
32278|4580|
79674|648|
79674|648|
274642|5973|
6706|346|
578590|3036|
6687|252|
79674|648|
79674|648|
6661|3004|
274642|5973|
79674|648|
79674|648|
79674|648|
79674|648|
79674|648|
79674|648|
79674|648|
|388|
79674|648|
274642|5973|
79674|648|
79674|648|
32278|4580|
79674|648|
79674|648|
79674|648|
79674|648|
79674|648|
274642|5973|
274642|5973|
274642|5973|
79674|648|
274642|5973|
79674|648|
79674|648|
|388|
139456|3044|
79674|648|
|388|
32278|4580|
110441|142|
221654|302|
110441|142|
110441|142|
35525|5|
110441|142|
110441|142|
110441|142|
110441|142|
110441|142|
110441|142|
110441|142|
110441|142|
110441|142|
110441|142|
110441|142|
110441|142|
110441|142|
38762|4598|
38762|4598|
38762|4598|
38762|4598|
38762|4598|
38762|4598|
38762|4598|
38762|4598|
27689|4664|
27689|4664|
38762|4598|
8161|922|
27689|4664|
38762|4598|
38762|4598|
27689|4664|
38762|4598|
27689|4664|
27689|4664|
38762|4598|
38762|4598|
38762|4598|
94993|2231|
38762|4598|
38762|4598|
38762|4598|
27689|4664|
38762|4598|
38762|4598|
27689|4664|
38762|4598|
38762|4598|
38762|4598|
38762|4598|
38762|4598|
27689|4664|
27689|4664|
27717|43|
38762|4598|
7906|4805|
27689|4664|
38762|4598|
8175|11036|
38762|4598|
27689|4664|
8078|57|
28743|86|
269057|341|
269057|341|
269057|341|
269057|341|
269057|341|
269057|341|
269057|341|
269057|341|
269057|341|
28743|86|
269057|341|
269057|341|
269057|341|
269057|341|
269057|341|
269057|341|
28743|86|
7962|21|
8022|4|
8022|4|
7965|2266|
7959|201|
10195|345|
104777|1747|
|1618|
90988|1|
6761|2461|
6761|2461|
|1009|
|1009|
1211424|387|
6761|2461|
6761|2461|
6761|2461|
6761|2461|
6761|2461|
6761|2461|
|2277|
8355|206|
8355|206|
8355|206|
35525|5|
8127|134|
8127|134|
8127|134|
8127|134|
8127|134|
70285|400|
8127|134|
38762|4598|
70285|400|
38762|4598|
8127|134|
8127|134|
38762|4598|
38762|4598|
8019|23|
8019|23|
74940|22|
8019|23|
74940|22|
74940|22|
8019|23|
74940|22|
8019|23|
8019|23|
8019|23|
8019|23|
8019|23|
74940|22|
74940|22|
8019|23|
8019|23|
8019|23|
74940|22|
74940|22|
8022|4|
8022|4|
|1183|
6239|4550|
6239|4550|
6239|4550|
6239|4550|
6239|4550|
6239|4550|
6239|4550|
6239|4550|
103373|368|
6687|252|
6687|252|
6687|252|
6687|252|
6687|252|
6687|252|
84645|202|
84645|202|
683832|422|
84645|202|
72446|572|
|2475|
683832|422|
84645|202|
72446|572|
683832|422|
|2475|
72446|572|
84645|202|
|2475|
683832|422|
72446|572|
|2475|
72446|572|
683832|422|
|2475|
683832|422|
|2475|
72446|572|
|2475|
84645|202|
72446|572|
683832|422|
84645|202|
72446|572|
74940|22|
74940|22|
74940|22|
74940|22|
150440|15623|
90988|1|
8081|28|
117530|2371|
93621|352|
93621|352|
93621|352|
93621|352|
|1618|
8128|485|
70285|400|
70285|400|
8019|23|
8019|23|
8019|23|
8019|23|
90988|1|
90988|1|
90988|1|
90988|1|
|4656|
8127|134|
8127|134|
8022|4|
8015|66|
90988|1|
117530|2371|
35525|5|
90988|1|
90988|1|
90988|1|
90988|1|
|4656|
110441|142|
117530|2371|
117530|2371|
1080760|4701|
337745|2798|
|4743|
90988|1|
104777|1747|
90988|1|
90988|1|
90988|1|
90988|1|
117530|2371|
117530|2371|
34816|59|
34816|59|
34816|59|
34816|59|
34816|59|
34816|59|
34816|59|
34816|59|
34816|59|
34816|59|
34816|59|
34816|59|
34816|59|
34816|59|
34816|59|
34816|59|
34816|59|
34816|59|
34816|59|
34816|59|
34816|59|
34816|59|
34816|59|
34816|59|
34816|59|
34816|59|
34816|59|
34816|59|
34816|59|
34816|59|
34816|59|
34816|59|
34816|59|
34816|59|
34816|59|
34816|59|
34816|59|
34816|59|
34816|59|
34816|59|
74940|22|
38762|4598|
38762|4598|
38762|4598|
38762|4598|
117530|2371|
117530|2371|
8128|485|
8127|134|
8127|134|
7176|397|
7176|397|
7176|397|
7176|397|
8356|1492|
8356|1492|
|4656|
8078|57|
8078|57|
8078|57|
8078|57|
117530|2371|
117530|2371|
90988|1|
|4656|
90988|1|
90988|1|
90988|1|
90988|1|
8090|109|
|4656|
7159|230|
117530|2371|
117530|2371|
|4656|
8090|109|
8081|28|
8022|4|
8022|4|
8022|4|
8090|109|
|4656|
|5427|
|5427|
137034|4739|
137034|4739|
137034|4739|
8090|109|
1211424|387|
1378283|4579|
1211424|387|
1211424|387|
1378283|4579|
1378283|4579|
1378283|4579|
1378283|4579|
1211424|387|
1211424|387|
1378283|4579|
1378283|4579|
1378283|4579|
304456|418|
|4656|
8090|109|
8090|109|
221654|302|
221654|302|
221654|302|
221654|302|
221654|302|
221654|302|
33528|16|
90988|1|
|1640|
|1640|
|1640|
|1640|
8038|3|
8038|3|
8038|3|
8038|3|
58777|1366|
|481|
|481|
|481|
|481|
33528|16|
8127|134|
7176|397|
7176|397|
7176|397|
6728|102|
6728|102|
6728|102|
6728|102|
6728|102|
6728|102|
6728|102|
6728|102|
6728|102|
6728|102|
6728|102|
6728|102|
35525|5|
35525|5|
6669|8|
6669|8|
6669|8|
35525|5|
35525|5|
6669|8|
117530|2371|
35525|5|
35525|5|
35525|5|
35525|5|
35525|5|
6669|8|
35525|5|
6669|8|
35525|5|
35525|5|
6669|8|
35525|5|
6669|8|
35525|5|
8127|134|
8127|134|
91713|4773|
91713|4773|
7176|397|
603693|614|
50443|540|
7176|397|
603693|614|
7176|397|
7192|1173|
7176|397|
50443|540|
7176|397|
50443|540|
7176|397|
7176|397|
7192|1173|
|17739|
50443|540|
7176|397|
7192|1173|
8407|904|
8407|904|
33528|16|
33528|16|
33528|16|
33528|16|
33528|16|
7955|5156|
7176|397|
7176|397|
7176|397|
7176|397|
|2422|
7176|397|
|2422|
7176|397|
7176|397|
7176|397|
|2422|
|2422|
|2422|
7176|397|
7176|397|
7176|397|
7176|397|
7159|230|
7159|230|
7159|230|
7159|230|
7159|230|
|1640|
|1640|
|1640|
|1640|
8017|219|
8017|219|
8017|219|
8017|219|
8017|219|
8017|219|
8017|219|
8017|219|
8017|219|
8017|219|
8017|219|
8017|219|
8019|23|
8019|23|
8019|23|
8019|23|
8019|23|
8019|23|
8019|23|
74940|22|
8019|23|
8019|23|
8019|23|
74940|22|
8019|23|
8019|23|
74940|22|
74940|22|
8022|4|
8022|4|
8022|4|
8022|4|
8022|4|
8022|4|
8022|4|
8022|4|
8022|4|
8022|4|
8022|4|
8022|4|
8023|90|
8018|736|
8023|90|
8023|90|
8018|736|
8018|736|
8023|90|
8018|736|
69930|2058|
91713|4773|
69930|2058|
91713|4773|
69930|2058|
|4656|
35525|5|
8081|28|
6728|102|
8022|4|
8022|4|
8017|219|
8017|219|
8017|219|
8017|219|
8017|219|
8017|219|
8017|219|
8017|219|
8017|219|
8017|219|
8017|219|
8017|219|
8019|23|
74940|22|
74940|22|
8019|23|
8019|23|
8019|23|
8019|23|
74940|22|
8019|23|
8019|23|
74940|22|
8019|23|
8019|23|
8019|23|
8019|23|
8019|23|
8022|4|
8022|4|
8022|4|
8022|4|
8022|4|
8022|4|
8022|4|
8022|4|
8022|4|
8022|4|
8022|4|
8022|4|
8018|736|
8023|90|
8018|736|
8023|90|
8023|90|
8018|736|
8023|90|
8018|736|
8127|134|
8127|134|
8128|485|
52639|6|
446444|5725|
189839|1262|
599746|4713|
146087|564|
|3031|
|3031|
|3031|
|3031|
|3031|
|3031|
|3031|
|3031|
|3031|
|3031|
|3031|
|3031|
|3031|
|3031|
|3031|
|3031|
|3031|
|3031|
|3031|
|3031|
|3031|
238741|2208|
238741|2208|
238741|2208|
238741|2208|
238741|2208|
238741|2208|
238741|2208|
238741|2208|
238741|2208|
238741|2208|
238741|2208|
238741|2208|
238741|2208|
238741|2208|
238741|2208|
238741|2208|
238741|2208|
238741|2208|
238741|2208|
238741|2208|
238741|2208|
238741|2208|
|4656|
110441|142|
|4791|
|4791|
|4791|
|4791|
|4791|
|4728|
|4728|
|4728|
|4728|
|4728|
|4728|
|4728|
|4728|
|4728|
|4728|
|4728|
8019|23|
8019|23|
8019|23|
8019|23|
8019|23|
8019|23|
8019|23|
8022|4|
33528|16|
33528|16|
8355|206|
8355|206|
117530|2371|
35525|5|
7962|21|
7962|21|
7962|21|
7962|21|
117530|2371|
35525|5|
69293|97|
69293|97|
69293|97|
69293|97|
69293|97|
69293|97|
69293|97|
69293|97|
69293|97|
69293|97|
69293|97|
69293|97|
69293|97|
69293|97|
315576|964|
315576|964|
315576|964|
315576|964|
315576|964|
315576|964|
315576|964|
315576|964|
315576|964|
315576|964|
315576|964|
315576|964|
315576|964|
6523|294|
6523|294|
6523|294|
6523|294|
6523|294|
6523|294|
6523|294|
6523|294|
6523|294|
6523|294|
6523|294|
6523|294|
7962|21|
7962|21|
7962|21|
7962|21|
90988|1|
106804|31617|
106804|31617|
157967|4720|
112525|5736|
157967|4720|
112525|5736|
112525|5736|
106804|31617|
157967|4720|
33528|16|
33528|16|
1378283|4579|
1378283|4579|
1378283|4579|
1378283|4579|
13106|2|
13106|2|
13106|2|
13106|2|
8022|4|
8022|4|
8022|4|
8022|4|
91713|4773|
1003157|4772|
1003157|4772|
1003157|4772|
91713|4773|
91713|4773|
|2422|
7176|397|
7159|230|
35525|5|
117530|2371|
336262|261|
336262|261|
7962|21|
110441|142|
110441|142|
110441|142|
110441|142|
28743|86|
28743|86|
28743|86|
28743|86|
|74|
117530|2371|
35525|5|
33528|16|
7176|397|
7176|397|
7176|397|
7176|397|
7176|397|
7176|397|
7176|397|
58777|1366|
33528|16|
33528|16|
7159|230|
1378283|4579|
1378283|4579|
1378283|4579|
1378283|4579|
117530|2371|
117530|2371|
117530|2371|
117530|2371|
117530|2371|
338212|732|
