"Species NCBI TaxID"|"Species ECOTOX Number"|
6660|421|
6660|421|
6660|421|
6660|421|
6660|421|
6660|421|
6660|421|
6660|421|
6660|421|
6660|421|
6660|421|
6660|421|
7998|20|
7998|20|
7998|20|
7998|20|
7998|20|
7998|20|
7998|20|
7998|20|
7998|20|
7998|20|
7998|20|
7998|20|
8022|4|
8022|4|
8022|4|
8022|4|
8022|4|
8022|4|
8022|4|
8022|4|
8022|4|
8022|4|
8022|4|
8022|4|
8022|4|
8022|4|
8022|4|
8022|4|
8022|4|
85549|366|
59188|669|
104777|1747|
|16163|
|16163|
85549|366|
1041454|10965|
85549|366|
85549|366|
294128|52|
294128|52|
6689|11779|
8081|28|
329105|1670|
7153|85|
315576|964|
315576|964|
6386|532|
59188|669|
85549|366|
104777|1747|
59188|669|
85549|366|
85549|366|
104777|1747|
104777|1747|
|18239|
|18239|
45954|218|
45954|218|
45954|218|
45954|218|
45954|218|
45954|218|
45954|218|
45954|218|
45954|218|
45954|218|
45954|218|
45954|218|
85549|366|
59188|669|
104777|1747|
117530|2371|
294128|52|
7176|397|
7176|397|
7153|85|
61662|640|
8355|206|
8355|206|
8355|206|
8355|206|
8355|206|
8355|206|
8355|206|
8355|206|
8355|206|
8355|206|
8355|206|
8355|206|
8355|206|
8355|206|
8355|206|
8355|206|
8355|206|
8355|206|
8355|206|
8355|206|
8355|206|
8355|206|
90988|1|
117982|652|
117982|652|
117982|652|
117982|652|
117982|652|
117982|652|
117982|652|
117982|652|
117982|652|
117982|652|
85549|366|
117982|652|
117982|652|
117982|652|
85549|366|
117982|652|
117982|652|
117982|652|
117982|652|
117982|652|
117982|652|
117982|652|
117982|652|
117982|652|
117982|652|
117982|652|
117982|652|
85549|366|
117982|652|
117982|652|
117982|652|
117982|652|
117982|652|
117982|652|
117982|652|
117982|652|
117982|652|
85549|366|
117982|652|
117982|652|
117982|652|
117982|652|
117982|652|
117982|652|
117982|652|
117982|652|
117982|652|
117982|652|
117982|652|
117982|652|
117982|652|
117982|652|
315709|27|
315709|27|
315709|27|
315709|27|
28743|86|
28743|86|
28743|86|
28743|86|
28743|86|
28743|86|
28743|86|
28743|86|
28743|86|
28743|86|
28743|86|
28743|86|
28743|86|
90988|1|
28743|86|
28743|86|
28743|86|
28743|86|
28743|86|
28743|86|
28743|86|
28743|86|
28743|86|
90988|1|
28743|86|
28743|86|
28743|86|
28743|86|
28743|86|
28743|86|
28743|86|
28743|86|
28743|86|
28743|86|
28743|86|
28743|86|
28743|86|
28743|86|
28743|86|
28743|86|
28743|86|
28743|86|
28743|86|
28743|86|
28743|86|
28743|86|
28743|86|
28743|86|
28743|86|
28743|86|
8022|4|
8022|4|
8022|4|
8022|4|
117982|652|
117982|652|
117982|652|
117982|652|
84308|281|
117982|652|
117982|652|
117982|652|
117982|652|
117982|652|
117982|652|
117982|652|
117982|652|
117982|652|
117982|652|
117982|652|
117982|652|
117982|652|
117982|652|
117982|652|
117982|652|
117982|652|
117982|652|
117982|652|
117982|652|
117982|652|
117982|652|
117982|652|
117982|652|
117982|652|
117982|652|
117982|652|
117982|652|
117982|652|
117982|652|
117982|652|
117982|652|
117982|652|
117982|652|
117982|652|
117982|652|
117982|652|
117982|652|
117982|652|
117982|652|
117982|652|
117982|652|
117982|652|
117982|652|
315709|27|
315709|27|
35525|5|
315709|27|
315709|27|
28743|86|
28743|86|
28743|86|
28743|86|
28743|86|
28743|86|
28743|86|
28743|86|
28743|86|
28743|86|
28743|86|
28743|86|
28743|86|
28743|86|
28743|86|
28743|86|
28743|86|
28743|86|
28743|86|
28743|86|
28743|86|
28743|86|
28743|86|
28743|86|
28743|86|
28743|86|
28743|86|
28743|86|
28743|86|
28743|86|
28743|86|
28743|86|
28743|86|
28743|86|
28743|86|
28743|86|
28743|86|
28743|86|
28743|86|
28743|86|
28743|86|
28743|86|
28743|86|
28743|86|
28743|86|
28743|86|
28743|86|
8081|28|
28743|86|
7957|25|
7962|21|
7957|25|
7962|21|
7962|21|
7957|25|
8022|4|
8022|4|
8022|4|
8022|4|
8022|4|
8022|4|
8022|4|
41692|869|
59188|669|
85549|366|
8022|4|
104777|1747|
59188|669|
85549|366|
104777|1747|
77663|10813|
245081|10804|
28379|247|
77663|10813|
28379|247|
245081|10804|
28379|247|
117530|2371|
6669|8|
117530|2371|
6669|8|
|75|
110441|142|
8127|134|
8129|138|
8081|28|
8081|28|
7962|21|
|2422|
7175|210|
7177|647|
7175|210|
7177|647|
329105|1670|
|2422|
|1049|
7176|397|
498392|4677|
7176|397|
|1049|
7159|230|
7159|230|
7159|230|
7159|230|
7160|1770|
10194|1205|
10194|1205|
85549|366|
59188|669|
104777|1747|
85549|366|
59188|669|
7878|13814|
104777|1747|
110441|142|
1232801|1780|
1232801|1780|
163131|2044|
163131|2044|
8022|4|
33397|81|
30275|5609|
30275|5609|
36930|5938|
665965|590|
152466|5360|
36930|5938|
152466|5360|
51631|1771|
73031|586|
73031|586|
216498|5611|
6386|532|
38577|1194|
38577|1194|
85549|366|
85549|366|
85549|366|
35525|5|
35525|5|
35525|5|
35525|5|
1875627|5231|
1218281|5933|
1218281|5933|
1875627|5231|
315576|964|
315576|964|
35525|5|
85549|366|
85549|366|
85549|366|
59188|669|
85549|366|
104777|1747|
8090|109|
1522908|5900|
1522908|5900|
1522908|5900|
1522908|5900|
59188|669|
85549|366|
85549|366|
104777|1747|
104777|1747|
117530|2371|
117530|2371|
90988|1|
90988|1|
90988|1|
90988|1|
6689|11779|
8355|206|
8355|206|
8355|206|
8355|206|
8355|206|
8355|206|
8355|206|
8355|206|
8355|206|
8355|206|
8355|206|
8355|206|
8355|206|
8355|206|
8355|206|
8355|206|
8355|206|
8355|206|
8355|206|
8355|206|
8355|206|
8355|206|
85549|366|
59188|669|
90988|1|
104777|1747|
90988|1|
85549|366|
59188|669|
104777|1747|
85549|366|
85549|366|
85549|366|
|5926|
117540|2640|
59188|669|
85549|366|
85549|366|
117530|2371|
6689|11779|
|5672|
64144|351|
64152|528|
304456|418|
69293|97|
7955|5156|
7955|5156|
90988|1|
8081|28|
69293|97|
7955|5156|
7955|5156|
1218281|5933|
1218281|5933|
104777|1747|
104777|1747|
6386|532|
6386|532|
6386|532|
6386|532|
27404|1280|
35525|5|
90988|1|
7957|25|
7957|25|
7957|25|
7957|25|
7957|25|
204738|630|
204738|630|
104777|1747|
104777|1747|
104777|1747|
104777|1747|
104777|1747|
104777|1747|
104777|1747|
8356|1492|
8356|1492|
90988|1|
59188|669|
85549|366|
104777|1747|
6669|8|
35525|5|
59899|113|
59899|113|
93621|352|
8036|2191|
58324|383|
59899|113|
48668|42|
8040|82|
8032|49|
8030|68|
29158|385|
85549|366|
85549|366|
85549|366|
294128|52|
294128|52|
294128|52|
294128|52|
294128|52|
294128|52|
294128|52|
8128|485|
8128|485|
8128|485|
7153|85|
7153|85|
7153|85|
7153|85|
90988|1|
90988|1|
90988|1|
90988|1|
90988|1|
90988|1|
90988|1|
90988|1|
90988|1|
90988|1|
90988|1|
8090|109|
6707|582|
6707|582|
6707|582|
85549|366|
85549|366|
6707|582|
72036|5473|
72036|5473|
72036|5473|
72036|5473|
85549|366|
6707|582|
294128|52|
38527|2333|
683832|422|
683832|422|
38527|2333|
683832|422|
38527|2333|
683832|422|
38527|2333|
38527|2333|
38527|2333|
683832|422|
38527|2333|
38527|2333|
337539|308|
50516|1844|
7175|210|
7175|210|
7153|85|
|1787|
|1787|
|1787|
1761709|4719|
|1787|
61662|640|
59188|669|
85549|366|
104777|1747|
8342|2355|
8342|2355|
|5672|
64152|528|
8128|485|
304456|418|
59899|113|
90988|1|
90988|1|
90988|1|
90988|1|
90988|1|
90988|1|
90988|1|
90988|1|
90988|1|
90988|1|
90988|1|
90988|1|
90988|1|
90988|1|
90988|1|
90988|1|
90988|1|
90988|1|
90988|1|
90988|1|
90988|1|
90988|1|
90988|1|
90988|1|
90988|1|
90988|1|
7955|5156|
90988|1|
90988|1|
90988|1|
90988|1|
90988|1|
90988|1|
90988|1|
90988|1|
90988|1|
90988|1|
8081|28|
90988|1|
90988|1|
90988|1|
90988|1|
90988|1|
90988|1|
90988|1|
90988|1|
90988|1|
90988|1|
90988|1|
90988|1|
90988|1|
90988|1|
90988|1|
90988|1|
90988|1|
8081|28|
90988|1|
7962|21|
8022|4|
8022|4|
8022|4|
8022|4|
8022|4|
8022|4|
8022|4|
8022|4|
8022|4|
8022|4|
8022|4|
8022|4|
8022|4|
8022|4|
8022|4|
8022|4|
8022|4|
8022|4|
8022|4|
8022|4|
8022|4|
8022|4|
8022|4|
8022|4|
8022|4|
8022|4|
8022|4|
8022|4|
8022|4|
8022|4|
8022|4|
8022|4|
8022|4|
8022|4|
8022|4|
8022|4|
8022|4|
8022|4|
8022|4|
8022|4|
8022|4|
8022|4|
8022|4|
8022|4|
8022|4|
8022|4|
8022|4|
8022|4|
8022|4|
8022|4|
8022|4|
8022|4|
8022|4|
8022|4|
232998|2599|
232998|2599|
154827|2617|
170859|4810|
232998|2599|
154827|2617|
72053|11611|
72053|11611|
154827|2617|
170859|4810|
154827|2617|
170859|4810|
232998|2599|
170859|4810|
232998|2599|
209197|11660|
209197|11660|
72053|11611|
72053|11611|
232998|2599|
154827|2617|
209197|11660|
154827|2617|
209197|11660|
154827|2617|
72053|11611|
453929|11783|
232998|2599|
232998|2599|
453929|11783|
72053|11611|
72053|11611|
209197|11660|
170859|4810|
72053|11611|
154827|2617|
209197|11660|
170859|4810|
209197|11660|
72053|11611|
209197|11660|
453929|11783|
170859|4810|
232998|2599|
232998|2599|
170859|4810|
209197|11660|
209197|11660|
453929|11783|
154827|2617|
209197|11660|
72053|11611|
170859|4810|
170859|4810|
154827|2617|
232998|2599|
232998|2599|
232998|2599|
72053|11611|
170859|4810|
72053|11611|
170859|4810|
72053|11611|
232998|2599|
209197|11660|
209197|11660|
170859|4810|
232998|2599|
154827|2617|
154827|2617|
232998|2599|
170859|4810|
154827|2617|
453929|11783|
232998|2599|
232998|2599|
72053|11611|
170859|4810|
209197|11660|
209197|11660|
72053|11611|
72053|11611|
232998|2599|
209197|11660|
453929|11783|
170859|4810|
170859|4810|
453929|11783|
453929|11783|
170859|4810|
209197|11660|
154827|2617|
154827|2617|
154827|2617|
209197|11660|
232998|2599|
154827|2617|
170859|4810|
72053|11611|
154827|2617|
453929|11783|
72053|11611|
170859|4810|
7177|647|
481679|17168|
7177|647|
481685|17167|
45948|924|
45948|924|
45948|924|
45948|924|
6386|532|
85549|366|
85549|366|
|5926|
85549|366|
85549|366|
8022|4|
104777|1747|
8355|206|
|16163|
|16163|
8355|206|
6660|421|
6660|421|
6660|421|
6660|421|
6660|421|
6660|421|
6660|421|
6660|421|
6660|421|
6660|421|
6660|421|
6660|421|
|16163|
|16163|
90988|1|
8355|206|
|16163|
|16163|
90988|1|
120202|240|
120202|240|
59188|669|
85549|366|
85549|366|
85549|366|
|2731|
85549|366|
104777|1747|
6550|208|
6550|208|
85549|366|
59188|669|
315576|964|
104777|1747|
|5926|
85549|366|
59188|669|
7878|13814|
104777|1747|
|5926|
85549|366|
85549|366|
85549|366|
7176|397|
|16163|
|16163|
59188|669|
85549|366|
104777|1747|
90069|1020|
8260|130|
59188|669|
85549|366|
7878|13814|
104777|1747|
294128|52|
294128|52|
7153|85|
85549|366|
85549|366|
85549|366|
294128|52|
294128|52|
7153|85|
61662|640|
85549|366|
85549|366|
85549|366|
35525|5|
85549|366|
104777|1747|
8081|28|
7878|13814|
274642|5973|
79674|648|
315576|964|
8355|206|
91582|2638|
90988|1|
315576|964|
8355|206|
|16163|
|16163|
8355|206|
|16163|
|16163|
90988|1|
8355|206|
7878|13814|
90988|1|
8355|206|
8355|206|
8355|206|
8355|206|
8355|206|
8355|206|
8355|206|
8355|206|
8355|206|
8355|206|
8355|206|
8355|206|
8355|206|
8355|206|
8355|206|
8355|206|
8355|206|
8355|206|
8355|206|
8355|206|
8355|206|
85549|366|
59188|669|
104777|1747|
1450415|4619|
85549|366|
8167|38|
8167|38|
8167|38|
8167|38|
8167|38|
8167|38|
8167|38|
8167|38|
90988|1|
8032|49|
8032|49|
8032|49|
8032|49|
8032|49|
8032|49|
8032|49|
8032|49|
57865|900|
57865|900|
57865|900|
57865|900|
57865|900|
57865|900|
57865|900|
57865|900|
45954|218|
45954|218|
45954|218|
45954|218|
45954|218|
45954|218|
90988|1|
13106|2|
28743|86|
90988|1|
8022|4|
13106|2|
7955|5156|
90988|1|
28743|86|
90988|1|
7955|5156|
7955|5156|
7955|5156|
8022|4|
90988|1|
13106|2|
90988|1|
28743|86|
8022|4|
283036|3056|
27706|89|
283036|3056|
283036|3056|
27706|89|
27706|89|
27706|89|
147949|106|
283036|3056|
283036|3056|
283036|3056|
283036|3056|
283036|3056|
283036|3056|
283036|3056|
283036|3056|
283036|3056|
147949|106|
147949|106|
147949|106|
1450415|4619|
604281|224|
604281|224|
604281|224|
604281|224|
90988|1|
90988|1|
28743|86|
8022|4|
28743|86|
90988|1|
13106|2|
90988|1|
8022|4|
13013|2079|
47562|3052|
47562|3052|
47562|3052|
47562|3052|
47562|3052|
8355|206|
8355|206|
8355|206|
8355|206|
8355|206|
8355|206|
8355|206|
8355|206|
8355|206|
8355|206|
85549|366|
85549|366|
85549|366|
294128|52|
221654|302|
110441|142|
221654|302|
221654|302|
221654|302|
221654|302|
110441|142|
238744|375|
13106|2|
13106|2|
90988|1|
90988|1|
90988|1|
90988|1|
8081|28|
238744|375|
90988|1|
13106|2|
481685|17167|
481679|17168|
481685|17167|
481685|17167|
7153|85|
90988|1|
80836|2488|
80836|2488|
315576|964|
8260|130|
7957|25|
7957|25|
7957|25|
7957|25|
7957|25|
8355|206|
8355|206|
8355|206|
8355|206|
8355|206|
8355|206|
77651|973|
77651|973|
85549|366|
77651|973|
77651|973|
77651|973|
77651|973|
77651|973|
77651|973|
85549|366|
77651|973|
77651|973|
59188|669|
85549|366|
77651|973|
77651|973|
85549|366|
77651|973|
117540|2640|
77651|973|
85549|366|
77651|973|
|5926|
77651|973|
85549|366|
77651|973|
77651|973|
77651|973|
77651|973|
35525|5|
|4676|
8260|130|
8260|130|
90069|1020|
90988|1|
90988|1|
90988|1|
90988|1|
90988|1|
90988|1|
90988|1|
90988|1|
90988|1|
90988|1|
90988|1|
90988|1|
90988|1|
90988|1|
90988|1|
90988|1|
90988|1|
90988|1|
90988|1|
90988|1|
90988|1|
90988|1|
90988|1|
90988|1|
90988|1|
90988|1|
90988|1|
90988|1|
90988|1|
90988|1|
13106|2|
90988|1|
90988|1|
90988|1|
90988|1|
90988|1|
8090|109|
90988|1|
90988|1|
90988|1|
90988|1|
90988|1|
90988|1|
90988|1|
90988|1|
90988|1|
90988|1|
90988|1|
90988|1|
90988|1|
90988|1|
90988|1|
90988|1|
90988|1|
90988|1|
90988|1|
90988|1|
90988|1|
90988|1|
90988|1|
90988|1|
90988|1|
90988|1|
90988|1|
90988|1|
7957|25|
7957|25|
7957|25|
7957|25|
7957|25|
8022|4|
8022|4|
8022|4|
8022|4|
8022|4|
8022|4|
8022|4|
8022|4|
8022|4|
8022|4|
8022|4|
8022|4|
8022|4|
8022|4|
8022|4|
8022|4|
8022|4|
8022|4|
8022|4|
8022|4|
8022|4|
8022|4|
8022|4|
8022|4|
8022|4|
8022|4|
8022|4|
8022|4|
8022|4|
8022|4|
8022|4|
8022|4|
8022|4|
8022|4|
8022|4|
8022|4|
8022|4|
8022|4|
8022|4|
8022|4|
8022|4|
8022|4|
8022|4|
8022|4|
8022|4|
8022|4|
8022|4|
8022|4|
8022|4|
8022|4|
8022|4|
8022|4|
8022|4|
8022|4|
8022|4|
8022|4|
154827|2617|
453929|11783|
232998|2599|
154827|2617|
453929|11783|
453929|11783|
232998|2599|
72053|11611|
209197|11660|
453929|11783|
154827|2617|
170859|4810|
170859|4810|
232998|2599|
232998|2599|
232998|2599|
170859|4810|
170859|4810|
72053|11611|
209197|11660|
209197|11660|
72053|11611|
209197|11660|
72053|11611|
232998|2599|
232998|2599|
232998|2599|
154827|2617|
72053|11611|
72053|11611|
170859|4810|
154827|2617|
170859|4810|
72053|11611|
453929|11783|
154827|2617|
232998|2599|
154827|2617|
209197|11660|
209197|11660|
453929|11783|
154827|2617|
170859|4810|
154827|2617|
154827|2617|
72053|11611|
154827|2617|
232998|2599|
170859|4810|
170859|4810|
170859|4810|
453929|11783|
170859|4810|
72053|11611|
232998|2599|
72053|11611|
209197|11660|
154827|2617|
209197|11660|
209197|11660|
72053|11611|
170859|4810|
72053|11611|
209197|11660|
453929|11783|
209197|11660|
209197|11660|
72053|11611|
232998|2599|
453929|11783|
209197|11660|
72053|11611|
232998|2599|
154827|2617|
209197|11660|
72053|11611|
170859|4810|
170859|4810|
170859|4810|
72053|11611|
232998|2599|
154827|2617|
154827|2617|
170859|4810|
232998|2599|
72053|11611|
170859|4810|
209197|11660|
154827|2617|
209197|11660|
154827|2617|
232998|2599|
209197|11660|
453929|11783|
170859|4810|
154827|2617|
209197|11660|
170859|4810|
72053|11611|
154827|2617|
232998|2599|
72053|11611|
209197|11660|
453929|11783|
232998|2599|
72053|11611|
232998|2599|
209197|11660|
232998|2599|
170859|4810|
154827|2617|
104777|1747|
104777|1747|
104777|1747|
104777|1747|
104777|1747|
104777|1747|
104777|1747|
104777|1747|
104777|1747|
104777|1747|
104777|1747|
104777|1747|
104777|1747|
104777|1747|
35561|5530|
2012609|5521|
|5830|
35561|5530|
286770|5829|
293677|5590|
|5529|
35561|5530|
70226|5587|
293677|5590|
2012609|5521|
344395|5534|
293874|5828|
293677|5590|
|5830|
|5529|
2012609|5521|
288431|5522|
403128|5518|
293874|5828|
286770|5829|
293874|5828|
|5830|
288431|5522|
286770|5829|
|5529|
344395|5534|
288431|5522|
344395|5534|
6239|4550|
|18239|
|18239|
8260|130|
90988|1|
7957|25|
7957|25|
7957|25|
7957|25|
7957|25|
8355|206|
47559|5044|
47559|5044|
8400|812|
8400|812|
74131|7377|
163991|7467|
163991|7467|
681895|10708|
1606681|7494|
1606681|7494|
681895|10708|
8022|4|
8022|4|
8022|4|
8022|4|
8022|4|
8022|4|
8022|4|
8022|4|
8022|4|
8022|4|
8022|4|
8022|4|
8022|4|
8022|4|
8022|4|
8022|4|
8022|4|
8022|4|
8022|4|
8022|4|
8022|4|
7757|84|
7757|84|
7757|84|
7757|84|
7757|84|
7757|84|
7757|84|
7757|84|
7757|84|
7757|84|
244977|592|
244977|592|
244977|592|
244977|592|
45954|218|
45954|218|
45954|218|
45954|218|
45954|218|
45954|218|
90988|1|
7176|397|
85549|366|
85549|366|
85549|366|
85549|366|
90988|1|
90988|1|
8355|206|
90988|1|
90988|1|
|16163|
|16163|
8130|2495|
90988|1|
6720|5528|
5885|1165|
8022|4|
90988|1|
7176|397|
8128|485|
8032|49|
8355|206|
8355|206|
85549|366|
304456|418|
304456|418|
8128|485|
304456|418|
304456|418|
8090|109|
7962|21|
7962|21|
7962|21|
104777|1747|
8130|2495|
8260|130|
90069|1020|
90988|1|
90988|1|
8260|130|
90069|1020|
8260|130|
90988|1|
7957|25|
7957|25|
7957|25|
7957|25|
7957|25|
8130|2495|
85549|366|
33528|16|
302196|1693|
35525|5|
7955|5156|
7955|5156|
90988|1|
90988|1|
7955|5156|
7955|5156|
503180|5688|
7159|230|
7159|230|
7159|230|
7159|230|
7159|230|
7159|230|
7159|230|
7159|230|
7159|230|
7159|230|
7159|230|
7159|230|
7159|230|
7159|230|
7159|230|
7159|230|
7159|230|
7159|230|
7159|230|
7159|230|
7159|230|
7159|230|
7159|230|
7159|230|
188231|5311|
8260|130|
8090|109|
|4676|
8260|130|
7957|25|
7957|25|
7957|25|
7957|25|
7957|25|
90988|1|
90988|1|
8355|206|
|16163|
|16163|
8022|4|
8355|206|
7176|397|
90988|1|
117982|652|
85549|366|
117982|652|
117982|652|
117982|652|
117982|652|
117982|652|
117982|652|
117982|652|
117982|652|
117982|652|
117982|652|
117982|652|
117982|652|
117982|652|
117982|652|
117982|652|
117982|652|
117982|652|
117982|652|
117982|652|
117982|652|
117982|652|
117982|652|
117982|652|
85549|366|
85549|366|
117982|652|
117982|652|
117982|652|
117982|652|
117982|652|
117982|652|
117982|652|
117982|652|
117982|652|
117982|652|
117982|652|
117982|652|
117982|652|
117982|652|
117982|652|
117982|652|
117982|652|
117982|652|
117982|652|
117982|652|
85549|366|
117982|652|
117982|652|
117982|652|
117982|652|
315709|27|
315709|27|
315709|27|
315709|27|
28743|86|
28743|86|
28743|86|
28743|86|
28743|86|
28743|86|
28743|86|
28743|86|
28743|86|
28743|86|
28743|86|
28743|86|
28743|86|
28743|86|
28743|86|
28743|86|
28743|86|
28743|86|
28743|86|
28743|86|
28743|86|
28743|86|
90988|1|
28743|86|
28743|86|
28743|86|
90988|1|
28743|86|
28743|86|
28743|86|
28743|86|
28743|86|
28743|86|
28743|86|
28743|86|
28743|86|
28743|86|
28743|86|
28743|86|
28743|86|
28743|86|
28743|86|
28743|86|
28743|86|
28743|86|
28743|86|
28743|86|
28743|86|
28743|86|
28743|86|
8022|4|
8022|4|
8022|4|
8022|4|
6162|18595|
90988|1|
110441|142|
110441|142|
110441|142|
110441|142|
238744|375|
238744|375|
238744|375|
238744|375|
8022|4|
90988|1|
8355|206|
85549|366|
59188|669|
90988|1|
104777|1747|
|16163|
|16163|
90988|1|
90988|1|
90988|1|
90988|1|
90988|1|
90988|1|
90988|1|
90988|1|
90988|1|
90988|1|
90988|1|
90988|1|
90988|1|
90988|1|
90988|1|
90988|1|
90988|1|
90988|1|
90988|1|
90988|1|
90988|1|
90988|1|
90988|1|
90988|1|
90988|1|
90988|1|
90988|1|
90988|1|
90988|1|
90988|1|
90988|1|
90988|1|
90988|1|
90988|1|
90988|1|
90988|1|
90988|1|
90988|1|
90988|1|
90988|1|
90988|1|
90988|1|
90988|1|
90988|1|
90988|1|
90988|1|
90988|1|
90988|1|
90988|1|
90988|1|
90988|1|
90988|1|
90988|1|
90988|1|
8022|4|
8022|4|
8022|4|
8022|4|
8022|4|
8022|4|
8022|4|
8022|4|
8022|4|
8022|4|
8022|4|
8022|4|
8022|4|
8022|4|
8022|4|
8022|4|
8022|4|
8022|4|
8022|4|
8022|4|
8022|4|
8022|4|
8022|4|
8022|4|
8022|4|
8022|4|
8022|4|
8022|4|
8022|4|
8022|4|
8022|4|
8022|4|
8022|4|
8022|4|
8022|4|
8022|4|
8022|4|
8022|4|
8022|4|
8022|4|
8022|4|
8022|4|
8022|4|
8022|4|
8022|4|
8022|4|
8022|4|
8022|4|
8022|4|
8022|4|
8022|4|
8022|4|
8022|4|
8022|4|
232998|2599|
232998|2599|
154827|2617|
232998|2599|
209197|11660|
453929|11783|
170859|4810|
72053|11611|
232998|2599|
232998|2599|
209197|11660|
154827|2617|
170859|4810|
453929|11783|
154827|2617|
170859|4810|
209197|11660|
154827|2617|
209197|11660|
453929|11783|
72053|11611|
72053|11611|
209197|11660|
209197|11660|
209197|11660|
209197|11660|
232998|2599|
72053|11611|
453929|11783|
232998|2599|
232998|2599|
72053|11611|
72053|11611|
209197|11660|
154827|2617|
170859|4810|
232998|2599|
232998|2599|
154827|2617|
209197|11660|
232998|2599|
232998|2599|
154827|2617|
154827|2617|
170859|4810|
72053|11611|
170859|4810|
154827|2617|
154827|2617|
232998|2599|
72053|11611|
453929|11783|
232998|2599|
72053|11611|
154827|2617|
209197|11660|
170859|4810|
154827|2617|
170859|4810|
170859|4810|
154827|2617|
209197|11660|
170859|4810|
209197|11660|
232998|2599|
72053|11611|
154827|2617|
232998|2599|
209197|11660|
232998|2599|
232998|2599|
154827|2617|
170859|4810|
170859|4810|
453929|11783|
72053|11611|
170859|4810|
209197|11660|
170859|4810|
209197|11660|
72053|11611|
170859|4810|
453929|11783|
154827|2617|
453929|11783|
72053|11611|
72053|11611|
154827|2617|
170859|4810|
453929|11783|
209197|11660|
72053|11611|
72053|11611|
72053|11611|
72053|11611|
170859|4810|
154827|2617|
209197|11660|
170859|4810|
90988|1|
8355|206|
90988|1|
90988|1|
90988|1|
90988|1|
90988|1|
90988|1|
90988|1|
80836|2488|
80836|2488|
315576|964|
90988|1|
8090|109|
|4676|
8260|130|
7957|25|
7957|25|
7957|25|
7957|25|
7957|25|
7957|25|
7957|25|
85549|366|
33528|16|
|16163|
8090|109|
8090|109|
90988|1|
90988|1|
|5657|
|5657|
|5657|
|5657|
35525|5|
7962|21|
7962|21|
7962|21|
7962|21|
7959|201|
7959|201|
7959|201|
7959|201|
35525|5|
8081|28|
59188|669|
85549|366|
117530|2371|
117530|2371|
90988|1|
90988|1|
90988|1|
90988|1|
104777|1747|
8355|206|
|16163|
|16163|
8355|206|
8260|130|
7957|25|
7957|25|
7957|25|
7957|25|
7957|25|
|16163|
8130|2495|
315576|964|
8260|130|
90069|1020|
8356|1492|
8356|1492|
236543|11546|
236543|11546|
236543|11546|
6660|421|
6660|421|
6660|421|
59188|669|
236543|11546|
117540|2640|
6660|421|
236543|11546|
236543|11546|
6660|421|
6660|421|
236543|11546|
236543|11546|
236543|11546|
6660|421|
236543|11546|
236543|11546|
236543|11546|
236543|11546|
|5926|
236543|11546|
6660|421|
236543|11546|
236543|11546|
236543|11546|
6660|421|
236543|11546|
6660|421|
236543|11546|
236543|11546|
236543|11546|
6660|421|
236543|11546|
6660|421|
85549|366|
85549|366|
236543|11546|
236543|11546|
136140|1784|
|4676|
35525|5|
1045542|5243|
|94|
90069|1020|
451679|5849|
33528|16|
46781|5252|
205134|1584|
1045542|5243|
205134|1584|
|94|
46781|5252|
857636|1836|
857636|1836|
8260|130|
8260|130|
52581|5246|
451679|5849|
52581|5246|
155067|4804|
33528|16|
30732|20710|
30732|20710|
90988|1|
90988|1|
90988|1|
8090|109|
7957|25|
7957|25|
7957|25|
7957|25|
7957|25|
8022|4|
104777|1747|
104777|1747|
8355|206|
34508|5985|
189291|26168|
46012|16015|
|16665|
|10911|
346252|26173|
|10392|
46003|26171|
|26166|
269767|26172|
90724|17019|
6305|17312|
45929|16673|
|16163|
166011|16681|
364627|26170|
70226|5587|
|26199|
560199|26165|
157847|17145|
6233|19183|
157861|26169|
|16163|
114909|25146|
6239|4550|
6326|18631|
90988|1|
90988|1|
|16163|
|16163|
|16163|
34508|5985|
|16163|
560199|26165|
|26199|
166011|16681|
269767|26172|
|16163|
114909|25146|
6305|17312|
6233|19183|
46012|16015|
|10911|
|26166|
364627|26170|
157861|26169|
189291|26168|
90724|17019|
45929|16673|
157847|17145|
46003|26171|
346252|26173|
70226|5587|
|16665|
|10392|
6239|4550|
6326|18631|
|16163|
|16163|
90988|1|
|16163|
|16163|
90988|1|
90988|1|
8355|206|
|16163|
|16163|
90988|1|
90988|1|
35525|5|
8081|28|
8355|206|
85549|366|
104777|1747|
8355|206|
35525|5|
8355|206|
|2422|
7175|210|
|18407|
|1049|
|1049|
7176|397|
7176|397|
7175|210|
315576|964|
7159|230|
315576|964|
7159|230|
7159|230|
8078|57|
8078|57|
|633|
120202|240|
133894|2067|
2116170|887|
1041454|10965|
133894|2067|
221654|302|
221654|302|
221654|302|
35525|5|
59899|113|
64152|528|
8128|485|
8078|57|
8078|57|
8078|57|
8081|28|
8032|49|
199954|31614|
1761709|4719|
7176|397|
7176|397|
8081|28|
7955|5156|
7998|20|
8022|4|
|16163|
35525|5|
8355|206|
13106|2|
90988|1|
28743|86|
90988|1|
8022|4|
90069|1020|
8260|130|
90988|1|
|16163|
|16163|
85549|366|
35525|5|
35525|5|
104777|1747|
135777|209|
135777|209|
135777|209|
135777|209|
135777|209|
135777|209|
110441|142|
90988|1|
13106|2|
90988|1|
28743|86|
8022|4|
8022|4|
8022|4|
90988|1|
90988|1|
90988|1|
8032|49|
90988|1|
8260|130|
90069|1020|
|4676|
8260|130|
8260|130|
90069|1020|
90988|1|
90988|1|
7957|25|
7957|25|
7957|25|
7957|25|
7957|25|
90988|1|
8342|2355|
8342|2355|
85549|366|
59188|669|
|5926|
85549|366|
117540|2640|
59188|669|
150844|901|
|75|
110441|142|
221654|302|
6689|11779|
120844|5416|
120844|5416|
304456|418|
120844|5416|
8128|485|
64152|528|
120844|5416|
8128|485|
51549|353|
103479|407|
120844|5416|
33528|16|
|5672|
1602383|11607|
8090|109|
7962|21|
7957|25|
8022|4|
232998|2599|
170859|4810|
498392|4677|
7162|2470|
7176|397|
|1049|
|2857|
|2857|
7176|397|
7162|2470|
7176|397|
7176|397|
|2857|
|2857|
|2857|
7177|647|
|2857|
7176|397|
7176|397|
7176|397|
7176|397|
|2857|
7176|397|
7162|2470|
|2857|
329105|1670|
|1049|
7162|2470|
7176|397|
7176|397|
7176|397|
7175|210|
7176|397|
|2857|
7176|397|
7176|397|
7162|2470|
|2857|
7176|397|
7176|397|
|18407|
7176|397|
|2422|
7177|647|
7176|397|
28624|6094|
7176|397|
|18407|
104516|5839|
7175|210|
7176|397|
|2857|
|2857|
7176|397|
7176|397|
7176|397|
7176|397|
|2857|
7176|397|
7162|2470|
7176|397|
7176|397|
315576|964|
315576|964|
315576|964|
315576|964|
315576|964|
315576|964|
315576|964|
315576|964|
315576|964|
315576|964|
315576|964|
315576|964|
315576|964|
315576|964|
315576|964|
315576|964|
315576|964|
7159|230|
315576|964|
315576|964|
315576|964|
315576|964|
315576|964|
315576|964|
315576|964|
315576|964|
315576|964|
315576|964|
7159|230|
315576|964|
315576|964|
315576|964|
315576|964|
315576|964|
315576|964|
315576|964|
315576|964|
315576|964|
7159|230|
315576|964|
315576|964|
315576|964|
315576|964|
315576|964|
315576|964|
315576|964|
315576|964|
315576|964|
315576|964|
315576|964|
315576|964|
315576|964|
315576|964|
315576|964|
315576|964|
7159|230|
315576|964|
315576|964|
315576|964|
315576|964|
7159|230|
315576|964|
315576|964|
315576|964|
315576|964|
315576|964|
315576|964|
7160|1770|
104777|1747|
400727|4733|
6162|18595|
90988|1|
90988|1|
159741|1460|
159741|1460|
159741|1460|
99749|11612|
159741|1460|
77663|10813|
45625|118|
77663|10813|
159741|1460|
159741|1460|
|5875|
99749|11612|
159741|1460|
|633|
245081|10804|
245081|10804|
|5875|
|5874|
|5874|
35525|5|
52641|372|
35525|5|
35525|5|
35525|5|
35525|5|
35525|5|
35525|5|
35525|5|
35525|5|
35525|5|
35525|5|
35525|5|
52638|2258|
35525|5|
35525|5|
35525|5|
35525|5|
8128|485|
61620|2497|
56722|5327|
61620|2497|
61620|2497|
56722|5327|
56722|5327|
7962|21|
8022|4|
8022|4|
8022|4|
8022|4|
8022|4|
8022|4|
8022|4|
8022|4|
8022|4|
8022|4|
8022|4|
8022|4|
8022|4|
8022|4|
8022|4|
8022|4|
8022|4|
|1049|
|1049|
177865|360|
|18407|
|18407|
329105|1670|
1437087|5854|
1437087|5854|
1437087|5854|
7159|230|
7159|230|
7159|230|
7159|230|
10194|1205|
10194|1205|
6162|18595|
8032|49|
90988|1|
85549|366|
|5926|
85549|366|
117540|2640|
33528|16|
104777|1747|
90988|1|
90988|1|
|16163|
8355|206|
79674|648|
274642|5973|
85549|366|
|5926|
117540|2640|
59188|669|
8355|206|
90988|1|
27717|43|
27717|43|
94993|2231|
94993|2231|
94993|2231|
27717|43|
94993|2231|
27717|43|
|18239|
8022|4|
8022|4|
|11017|
85549|366|
59188|669|
104777|1747|
59188|669|
117540|2640|
85549|366|
|5926|
13106|2|
90988|1|
28743|86|
90988|1|
8022|4|
6660|421|
6660|421|
6660|421|
6660|421|
6660|421|
6660|421|
6660|421|
6660|421|
6660|421|
91582|2638|
6660|421|
6660|421|
6660|421|
83874|1093|
83874|1093|
83874|1093|
83874|1093|
83874|1093|
83874|1093|
83874|1093|
83874|1093|
83874|1093|
83874|1093|
83874|1093|
83874|1093|
8090|109|
8090|109|
8090|109|
8090|109|
8090|109|
8090|109|
8090|109|
8090|109|
8090|109|
8090|109|
8090|109|
8090|109|
104777|1747|
104777|1747|
10195|345|
6239|4550|
8022|4|
8022|4|
8022|4|
8022|4|
8022|4|
8022|4|
8022|4|
8022|4|
8022|4|
8022|4|
8022|4|
8022|4|
8022|4|
|18239|
7176|397|
8355|206|
8355|206|
8355|206|
8355|206|
8355|206|
8355|206|
8355|206|
8355|206|
8355|206|
8355|206|
8355|206|
8355|206|
8355|206|
8355|206|
8355|206|
8355|206|
8355|206|
8355|206|
8355|206|
8355|206|
8355|206|
8090|109|
|16163|
7955|5156|
|16163|
8355|206|
|16163|
|16163|
7962|21|
7962|21|
7962|21|
8355|206|
45783|11034|
8179|15998|
|16163|
|16163|
90988|1|
35525|5|
117530|2371|
90988|1|
8355|206|
90988|1|
90988|1|
6660|421|
|5526|
6660|421|
|5526|
|5526|
117540|2640|
6687|252|
|5526|
|5526|
6660|421|
6687|252|
6687|252|
|5526|
6660|421|
|5526|
6660|421|
6687|252|
|5526|
6687|252|
6660|421|
|5526|
6660|421|
6660|421|
|5526|
|5526|
85549|366|
|3031|
6660|421|
6687|252|
|5526|
6660|421|
91582|2638|
6660|421|
|5926|
6660|421|
221654|302|
110441|142|
6763|76|
110441|142|
221654|302|
221654|302|
110441|142|
35525|5|
6763|76|
35525|5|
6763|76|
8175|11036|
8175|11036|
7962|21|
59188|669|
85549|366|
104777|1747|
59188|669|
85549|366|
104777|1747|
35525|5|
35525|5|
294128|52|
35525|5|
294128|52|
294128|52|
90988|1|
90988|1|
315576|964|
7153|85|
7153|85|
315576|964|
315576|964|
315576|964|
7153|85|
41694|1564|
41694|1564|
|4771|
|4771|
85549|366|
85549|366|
|4771|
45625|118|
|4771|
|4771|
85549|366|
|4771|
52641|372|
52638|2258|
35525|5|
8128|485|
33528|16|
8090|109|
99433|2965|
1761709|4719|
6162|18595|
6162|18595|
6386|532|
59899|113|
|1640|
|1640|
|1640|
|1640|
7936|574|
35525|5|
35525|5|
7962|21|
7962|21|
7962|21|
6386|532|
6386|532|
6386|532|
93621|352|
7177|647|
7177|647|
|4705|
1305686|5939|
50796|2938|
|1785|
|16163|
|16163|
90988|1|
8022|4|
8022|4|
8022|4|
8022|4|
8022|4|
8022|4|
8022|4|
8022|4|
8022|4|
8022|4|
8022|4|
8022|4|
8022|4|
8022|4|
8022|4|
8022|4|
8022|4|
8022|4|
8022|4|
8022|4|
8022|4|
8022|4|
8022|4|
8022|4|
8022|4|
8022|4|
8022|4|
8022|4|
8022|4|
8022|4|
294128|52|
294128|52|
294128|52|
294128|52|
294128|52|
294128|52|
35525|5|
117530|2371|
117530|2371|
294128|52|
35525|5|
|75|
294128|52|
110441|142|
294128|52|
7936|574|
683832|422|
7936|574|
683832|422|
7936|574|
7936|574|
683832|422|
683832|422|
683832|422|
683832|422|
683832|422|
8081|28|
8081|28|
8022|4|
8022|4|
7153|85|
6162|18595|
61662|640|
8355|206|
59188|669|
90988|1|
90988|1|
45954|218|
45954|218|
45954|218|
45954|218|
45954|218|
45954|218|
45954|218|
45954|218|
45954|218|
45954|218|
45954|218|
45954|218|
59188|669|
85549|366|
104777|1747|
29158|385|
8355|206|
8355|206|
|16163|
|16163|
|16163|
|16163|
|16163|
8355|206|
8355|206|
|16163|
|16163|
52904|1977|
52904|1977|
52904|1977|
59188|669|
85549|366|
104777|1747|
90988|1|
1232801|1780|
7878|13814|
8022|4|
8022|4|
8022|4|
8022|4|
8022|4|
8022|4|
8022|4|
8022|4|
8022|4|
8022|4|
8022|4|
8022|4|
8022|4|
8022|4|
8022|4|
8022|4|
8022|4|
8022|4|
8022|4|
8022|4|
8022|4|
8022|4|
8022|4|
8022|4|
8022|4|
8022|4|
8022|4|
8022|4|
8022|4|
8022|4|
8022|4|
|16163|
|16163|
85549|366|
33528|16|
8022|4|
122378|18497|
122378|18497|
122378|18497|
122378|18497|
122378|18497|
122378|18497|
93621|352|
93621|352|
93621|352|
93621|352|
8022|4|
8022|4|
8022|4|
8022|4|
8022|4|
8022|4|
8022|4|
8022|4|
8022|4|
8022|4|
8022|4|
8022|4|
8022|4|
8022|4|
8022|4|
90988|1|
|4676|
8260|130|
7957|25|
7957|25|
7957|25|
7957|25|
7957|25|
85549|366|
85549|366|
85549|366|
85549|366|
8260|130|
7957|25|
7957|25|
7957|25|
7957|25|
7957|25|
315576|964|
90988|1|
85549|366|
117540|2640|
|5926|
59188|669|
|4676|
8260|130|
7957|25|
7957|25|
7957|25|
7957|25|
7957|25|
6359|5406|
6359|5406|
8355|206|
8355|206|
|16163|
|16163|
304456|418|
80836|2488|
80836|2488|
315576|964|
315576|964|
8260|130|
90988|1|
90988|1|
90988|1|
|16163|
90988|1|
|16163|
|16163|
80836|2488|
80836|2488|
315576|964|
315576|964|
90988|1|
90988|1|
8355|206|
90988|1|
10195|345|
1232801|1780|
29158|385|
8022|4|
85549|366|
59188|669|
104777|1747|
90988|1|
90988|1|
90988|1|
|16163|
8260|130|
8260|130|
90069|1020|
8260|130|
|4676|
8260|130|
29158|385|
85549|366|
85549|366|
85549|366|
85549|366|
120202|240|
120202|240|
8355|206|
312086|10537|
312086|10537|
312086|10537|
312086|10537|
6669|8|
7962|21|
7957|25|
7957|25|
7962|21|
7957|25|
8022|4|
|16163|
1522908|5900|
1522908|5900|
90988|1|
90988|1|
8081|28|
7962|21|
7962|21|
7962|21|
1211424|387|
1211424|387|
1211424|387|
1450415|4619|
|2921|
85549|366|
59188|669|
8022|4|
8022|4|
8022|4|
8022|4|
104777|1747|
85549|366|
59188|669|
104777|1747|
7962|1520|
|1075|
|1075|
|1075|
|1075|
263416|758|
120202|240|
35525|5|
35525|5|
8127|134|
7152|122|
6386|532|
6386|532|
6386|532|
117530|2371|
117530|2371|
117530|2371|
117530|2371|
8167|38|
8167|38|
8167|38|
8167|38|
8167|38|
8167|38|
13106|2|
13106|2|
13106|2|
8032|49|
8032|49|
8032|49|
8032|49|
8032|49|
8032|49|
8022|4|
8022|4|
8022|4|
57865|900|
57865|900|
57865|900|
57865|900|
57865|900|
57865|900|
34816|59|
34816|59|
34816|59|
34816|59|
85549|366|
85549|366|
|643|
|5926|
117540|2640|
294128|52|
294128|52|
294128|52|
294128|52|
294128|52|
294128|52|
294128|52|
294128|52|
294128|52|
104777|1747|
|16163|
|633|
52641|372|
117530|2371|
52641|372|
52641|372|
117530|2371|
103479|407|
8090|109|
8081|28|
8355|206|
48193|71|
143350|4755|
72011|4776|
360507|5804|
143350|4755|
143350|4755|
163149|867|
8161|922|
8255|1874|
1231918|445|
30724|894|
214486|5807|
315576|964|
7177|647|
7177|647|
59188|669|
1522908|5900|
90988|1|
90988|1|
6720|5528|
8090|109|
8355|206|
8355|206|
8022|4|
8022|4|
8355|206|
|5874|
99749|11612|
159741|1460|
|5875|
159741|1460|
|5874|
99749|11612|
|5875|
61620|2497|
56722|5327|
8022|4|
8022|4|
8022|4|
8022|4|
8022|4|
8022|4|
8022|4|
8022|4|
8022|4|
8022|4|
8022|4|
8022|4|
8022|4|
30751|5593|
30751|5593|
30751|5593|
30751|5593|
|486|
8355|206|
8355|206|
|5926|
117540|2640|
85549|366|
159741|1460|
88015|649|
88015|649|
110441|142|
110441|142|
110441|142|
110441|142|
88015|649|
56722|5327|
61620|2497|
28743|86|
28743|86|
28743|86|
28743|86|
28743|86|
28743|86|
28743|86|
8032|49|
8022|4|
104777|1747|
3047|298|
2850|330|
90988|1|
109671|899|
34816|59|
34816|59|
34816|59|
34816|59|
|1049|
|1049|
7159|230|
7159|230|
7159|230|
90988|1|
283036|3056|
283036|3056|
283036|3056|
283036|3056|
147949|106|
147949|106|
147949|106|
147949|106|
27706|89|
27706|89|
27706|89|
27706|89|
283036|3056|
283036|3056|
283036|3056|
283036|3056|
90988|1|
8090|109|
8090|109|
8355|206|
13013|2079|
33528|16|
33528|16|
90988|1|
13106|2|
8022|4|
93621|352|
8081|28|
8128|485|
244133|727|
244133|727|
|633|
85549|366|
85549|366|
|2454|
85549|366|
221654|302|
117530|2371|
294128|52|
294128|52|
117530|2371|
6689|11779|
8128|485|
93621|352|
8127|134|
93621|352|
93621|352|
33528|16|
93621|352|
8130|2495|
8081|28|
8022|4|
8022|4|
8022|4|
329105|1670|
7176|397|
|1049|
7176|397|
7175|210|
7175|210|
7176|397|
7177|647|
7177|647|
|1049|
7177|647|
7177|647|
7159|230|
7159|230|
7153|85|
7159|230|
7159|230|
7153|85|
7159|230|
7153|85|
7159|230|
7160|1770|
29158|385|
400727|4733|
195543|1186|
|4676|
|4676|
28743|86|
1522908|5900|
1522908|5900|
1522908|5900|
1522908|5900|
53299|5836|
53299|5836|
|18239|
516892|4702|
1593259|249|
576213|17080|
345825|2414|
1593259|249|
|2242|
8081|28|
|18394|
7177|647|
|18407|
|1049|
|18407|
|18407|
|18407|
|18407|
|18407|
|1049|
|18407|
|2422|
7176|397|
7175|210|
498392|4677|
|2422|
7176|397|
|18407|
7177|647|
|18407|
|18407|
7175|210|
|18407|
|18407|
|2422|
|18407|
329105|1670|
|18407|
|18407|
7159|230|
7159|230|
7159|230|
7159|230|
7159|230|
7160|1770|
90988|1|
90988|1|
13106|2|
90988|1|
90988|1|
28743|86|
8022|4|
8356|1492|
8356|1492|
159741|1460|
61620|2497|
8022|4|
90988|1|
|16163|
|16163|
8355|206|
8128|485|
8081|28|
8081|28|
8355|206|
59188|669|
85549|366|
104777|1747|
8260|130|
8260|130|
8260|130|
|16163|
90988|1|
8355|206|
85549|366|
85549|366|
85549|366|
7160|1770|
8355|206|
8022|4|
8355|206|
90988|1|
1522908|5900|
|5336|
|1340|
|5336|
1574420|5366|
8404|358|
|16163|
|16163|
8342|2355|
8128|485|
8128|485|
|1787|
|1787|
|1787|
|1787|
8022|4|
45954|218|
45954|218|
45954|218|
45954|218|
45954|218|
45954|218|
7962|21|
7962|21|
7962|21|
7962|21|
551854|4714|
139456|3044|
6697|5355|
139456|3044|
139456|3044|
6697|5355|
139456|3044|
294128|52|
1239313|4665|
7962|21|
7962|21|
7962|21|
61662|640|
161924|3045|
6660|421|
161924|3045|
6660|421|
83874|1093|
83874|1093|
83874|1093|
83874|1093|
83874|1093|
83874|1093|
83874|1093|
83874|1093|
83874|1093|
83874|1093|
83874|1093|
83874|1093|
8090|109|
8090|109|
8090|109|
8090|109|
8090|109|
8090|109|
8090|109|
8090|109|
8090|109|
8090|109|
8090|109|
8090|109|
7962|21|
7962|21|
7962|21|
10195|345|
37858|11009|
37858|11009|
294128|52|
1239313|4665|
304456|418|
304456|418|
7962|21|
7962|21|
7962|21|
7962|21|
61662|640|
90988|1|
90988|1|
90988|1|
90988|1|
90988|1|
90988|1|
90988|1|
90988|1|
90988|1|
328410|1653|
90988|1|
90988|1|
328410|1653|
90988|1|
90988|1|
90988|1|
90988|1|
90988|1|
90988|1|
328410|1653|
328410|1653|
90988|1|
8022|4|
2776|11734|
1193275|5988|
1193275|5988|
6687|252|
92525|609|
92525|609|
|1010|
645159|730|
92525|609|
92525|609|
92525|609|
92525|609|
139456|3044|
92525|609|
92525|609|
|1010|
92525|609|
6687|252|
92525|609|
92525|609|
92525|609|
139456|3044|
92525|609|
139456|3044|
92525|609|
92525|609|
92525|609|
139456|3044|
92525|609|
|2921|
429032|3026|
294128|52|
1239313|4665|
1239313|4665|
|2921|
304456|418|
8187|5261|
8187|5261|
8187|5261|
8187|5261|
8187|5261|
7962|21|
7962|21|
7962|21|
7962|21|
13095|1141|
551854|4714|
551854|4714|
143294|2799|
143294|2799|
143294|2799|
143294|2799|
143294|2799|
143294|2799|
143294|2799|
143294|2799|
27895|2870|
34589|5627|
61662|640|
195543|1186|
83874|1093|
83874|1093|
304456|418|
83874|1093|
83874|1093|
83874|1093|
83874|1093|
83874|1093|
83874|1093|
83874|1093|
83874|1093|
83874|1093|
83874|1093|
8090|109|
8090|109|
8090|109|
8090|109|
8090|109|
8090|109|
8090|109|
8090|109|
8090|109|
8090|109|
8090|109|
8090|109|
7962|21|
7962|21|
134758|11988|
139456|3044|
6687|252|
|1010|
139456|3044|
|1010|
293655|20192|
6687|252|
6687|252|
139456|3044|
|1010|
139456|3044|
294128|52|
294128|52|
294128|52|
294128|52|
294128|52|
294128|52|
294128|52|
294128|52|
1239313|4665|
294128|52|
28378|535|
294128|52|
294128|52|
294128|52|
294128|52|
6669|8|
294128|52|
294128|52|
294128|52|
294128|52|
143350|4755|
143350|4755|
143350|4755|
8187|5261|
143350|4755|
143350|4755|
238741|2208|
143350|4755|
143350|4755|
143350|4755|
143350|4755|
8187|5261|
143350|4755|
238741|2208|
238741|2208|
143350|4755|
143350|4755|
13106|2|
90988|1|
7962|21|
7962|21|
178296|539|
603693|614|
315576|964|
7153|85|
10195|345|
143294|2799|
143294|2799|
143294|2799|
143294|2799|
143294|2799|
143294|2799|
175859|11978|
143294|2799|
143294|2799|
143294|2799|
52383|5940|
52383|5940|
|5904|
61662|640|
139456|3044|
139456|3044|
139456|3044|
139456|3044|
1239313|4665|
35525|5|
294128|52|
35525|5|
683832|422|
304456|418|
683832|422|
683832|422|
304456|418|
683832|422|
7962|21|
7962|21|
7962|21|
7962|21|
8022|4|
8022|4|
8022|4|
8022|4|
8022|4|
8022|4|
7153|85|
10195|345|
143294|2799|
143294|2799|
143294|2799|
143294|2799|
143294|2799|
143294|2799|
143294|2799|
143294|2799|
143294|2799|
143294|2799|
61662|640|
59188|669|
85549|366|
104777|1747|
8422|10791|
117530|2371|
117530|2371|
8030|68|
8030|68|
8022|4|
8022|4|
8022|4|
8022|4|
8022|4|
8022|4|
8297|5333|
|388|
|5942|
|388|
|388|
1522908|5900|
|388|
|5942|
|388|
|388|
|388|
1522908|5900|
|388|
|388|
|388|
|5942|
|388|
|388|
|5942|
|5942|
|5942|
|388|
1522908|5900|
|388|
|5942|
1522908|5900|
|388|
|5942|
|388|
|388|
1522908|5900|
|5942|
|5942|
|388|
1522908|5900|
|5942|
|5942|
|388|
|5942|
|5942|
|388|
|388|
|388|
|388|
|5942|
|388|
|388|
85549|366|
|5942|
|388|
|388|
|388|
|388|
|5942|
|643|
|388|
|5942|
|388|
|5942|
|388|
|388|
|388|
|388|
|5942|
|5942|
|388|
|388|
|388|
|388|
|388|
|388|
|388|
110441|142|
|75|
238741|2208|
238741|2208|
8127|134|
8127|134|
238741|2208|
238741|2208|
8127|134|
8127|134|
8127|134|
238741|2208|
238741|2208|
8127|134|
238741|2208|
238741|2208|
8127|134|
8127|134|
8127|134|
238741|2208|
8127|134|
8022|4|
8022|4|
8022|4|
8022|4|
8022|4|
8022|4|
8022|4|
8022|4|
8022|4|
8022|4|
8022|4|
8022|4|
8022|4|
8022|4|
8022|4|
8022|4|
8022|4|
8022|4|
8022|4|
8022|4|
8022|4|
8022|4|
8022|4|
8022|4|
8022|4|
8022|4|
8022|4|
8022|4|
8022|4|
8022|4|
8022|4|
8022|4|
8022|4|
8022|4|
8022|4|
8022|4|
8022|4|
8022|4|
8022|4|
8022|4|
8022|4|
8022|4|
8022|4|
8022|4|
8022|4|
8022|4|
8022|4|
8022|4|
8022|4|
8022|4|
8022|4|
8022|4|
8022|4|
8022|4|
8022|4|
8022|4|
60849|10998|
2035364|5334|
638338|11616|
5935|5344|
151077|5338|
|4765|
|5914|
402028|5531|
6239|4550|
34589|5627|
6239|4550|
6239|4550|
34589|5627|
6239|4550|
6239|4550|
59188|669|
85549|366|
294128|52|
294128|52|
294128|52|
294128|52|
294128|52|
294128|52|
294128|52|
294128|52|
294128|52|
294128|52|
34816|59|
283036|3056|
283034|469|
34816|59|
28800|112|
7998|20|
90988|1|
8022|4|
7153|85|
7153|85|
7153|85|
7153|85|
7153|85|
7153|85|
7153|85|
7153|85|
7153|85|
7153|85|
7153|85|
7153|85|
7153|85|
7153|85|
7153|85|
7153|85|
7153|85|
104777|1747|
45954|218|
45954|218|
45954|218|
45954|218|
45954|218|
45954|218|
45954|218|
45954|218|
45954|218|
45954|218|
45954|218|
45954|218|
45954|218|
45954|218|
45954|218|
45954|218|
45954|218|
45954|218|
45954|218|
45954|218|
154827|2617|
154827|2617|
232998|2599|
232998|2599|
154827|2617|
170859|4810|
232998|2599|
170859|4810|
170859|4810|
45954|218|
45954|218|
59188|669|
161924|3045|
161924|3045|
161924|3045|
1041454|10965|
91582|2638|
161924|3045|
161924|3045|
85549|366|
161924|3045|
6683|813|
161924|3045|
161924|3045|
35525|5|
6726|629|
117530|2371|
6726|629|
35525|5|
117530|2371|
117530|2371|
117530|2371|
84645|202|
48193|71|
84645|202|
84645|202|
8255|1874|
84645|202|
84645|202|
84645|202|
48193|71|
214486|5807|
84645|202|
8255|1874|
48193|71|
48193|71|
304456|418|
84645|202|
214486|5807|
84645|202|
84645|202|
84645|202|
93621|352|
84645|202|
84645|202|
8255|1874|
214486|5807|
84645|202|
84645|202|
84645|202|
84645|202|
214486|5807|
84645|202|
8255|1874|
84645|202|
84645|202|
13106|2|
8078|57|
13106|2|
8078|57|
7962|21|
7962|21|
402028|5531|
|20333|
638338|11616|
104777|1747|
1183213|5884|
1183213|5884|
1183213|5884|
1183213|5884|
152466|5360|
215256|2864|
215256|2864|
215256|2864|
215256|2864|
215256|2864|
215256|2864|
215256|2864|
215256|2864|
215256|2864|
215256|2864|
659320|4557|
659320|4557|
659320|4557|
659320|4557|
6386|532|
6239|4550|
6386|532|
6239|4550|
6239|4550|
6386|532|
35525|5|
35525|5|
35525|5|
35525|5|
35525|5|
35525|5|
35525|5|
8022|4|
8022|4|
8022|4|
8022|4|
8022|4|
8022|4|
8022|4|
117530|2371|
117530|2371|
117530|2371|
117530|2371|
13106|2|
90988|1|
90988|1|
13106|2|
13106|2|
90988|1|
8022|4|
8022|4|
8022|4|
|4378|
177864|4398|
|4378|
177864|4398|
71413|5499|
91582|2638|
71413|5499|
71413|5499|
27406|5852|
27406|5852|
71413|5499|
71413|5499|
71413|5499|
27406|5852|
27406|5852|
27406|5852|
71413|5499|
27406|5852|
71413|5499|
27406|5852|
336824|5916|
336824|5916|
336824|5916|
336824|5916|
336824|5916|
7936|574|
336824|5916|
336824|5916|
336824|5916|
7959|201|
7959|201|
7959|201|
7959|201|
82763|1070|
|2454|
7962|21|
195543|1186|
|5942|
|5942|
|5942|
|5942|
|5942|
|5942|
|5942|
|5942|
|5942|
|5942|
|5942|
|5942|
|5942|
|5942|
|5942|
|5942|
|5942|
117530|2371|
|75|
110441|142|
117530|2371|
117530|2371|
117530|2371|
304456|418|
154827|2617|
232998|2599|
154827|2617|
154827|2617|
170859|4810|
232998|2599|
232998|2599|
170859|4810|
154827|2617|
232998|2599|
170859|4810|
232998|2599|
170859|4810|
170859|4810|
7153|85|
|5913|
|5912|
638338|11616|
151077|5338|
2035364|5334|
|5914|
60850|5373|
5935|5344|
|4765|
402028|5531|
60849|10998|
|18585|
102324|10414|
|18585|
102324|10414|
102324|10414|
|18585|
102324|10414|
|18585|
45954|218|
45954|218|
59188|669|
85549|366|
|5926|
35525|5|
35525|5|
35525|5|
35525|5|
35525|5|
35525|5|
34816|59|
34816|59|
104777|1747|
35525|5|
161924|3045|
6687|252|
85549|366|
161924|3045|
161924|3045|
161924|3045|
161924|3045|
161924|3045|
161924|3045|
161924|3045|
161924|3045|
|2921|
429032|3026|
1450415|4619|
1450415|4619|
429032|3026|
1239313|4665|
8187|5261|
8187|5261|
8187|5261|
7962|21|
7962|21|
7962|21|
7962|21|
7962|21|
7962|21|
7962|21|
7962|21|
7962|21|
7962|21|
7962|21|
7962|21|
7962|21|
13095|1141|
7965|2266|
7965|2266|
7965|2266|
13095|1141|
13095|1141|
7153|85|
7153|85|
7153|85|
7153|85|
61662|640|
61662|640|
61662|640|
61662|640|
59188|669|
85549|366|
104777|1747|
|5924|
110441|142|
110441|142|
110441|142|
110441|142|
110441|142|
33539|466|
269057|341|
269057|341|
269057|341|
269057|341|
269057|341|
7176|397|
7159|230|
45954|218|
45954|218|
45954|218|
45954|218|
45954|218|
45954|218|
35525|5|
35525|5|
35525|5|
35525|5|
35525|5|
35525|5|
35525|5|
8022|4|
8022|4|
8022|4|
8022|4|
8022|4|
8022|4|
8022|4|
13106|2|
13106|2|
13106|2|
35525|5|
35525|5|
35525|5|
35525|5|
35525|5|
35525|5|
35525|5|
8022|4|
8022|4|
8022|4|
8022|4|
8022|4|
8022|4|
8022|4|
35525|5|
117530|2371|
90988|1|
117530|2371|
117530|2371|
80836|2488|
80836|2488|
80836|2488|
80836|2488|
117530|2371|
117530|2371|
117530|2371|
117530|2371|
8128|485|
8128|485|
7962|21|
7957|25|
7962|21|
7962|21|
7962|21|
7962|21|
604281|224|
85549|366|
59188|669|
1161376|11250|
1161376|11250|
551854|4714|
551854|4714|
551854|4714|
551854|4714|
104777|1747|
|2454|
|18239|
34816|59|
34816|59|
34816|59|
34816|59|
93621|352|
34816|59|
34816|59|
34816|59|
34816|59|
34816|59|
34816|59|
7962|21|
195543|1186|
283036|3056|
283036|3056|
30342|1092|
8404|358|
8404|358|
8355|206|
8355|206|
|3031|
120202|240|
1041454|10965|
|3031|
|3031|
150844|901|
6683|813|
|1620|
120202|240|
|2420|
6660|421|
150844|901|
|2420|
|3031|
|5926|
85549|366|
85549|366|
|1009|
|3031|
|3031|
|18567|
120202|240|
|5526|
|18567|
|3031|
91582|2638|
6660|421|
161924|3045|
263416|758|
161924|3045|
117540|2640|
|1620|
|3031|
|11518|
302197|963|
|11518|
|5526|
1550662|10967|
294128|52|
52641|372|
35525|5|
52641|372|
52641|372|
52641|372|
52641|372|
52641|372|
294128|52|
52641|372|
110441|142|
52641|372|
52641|372|
52641|372|
52641|372|
52641|372|
52641|372|
52641|372|
52641|372|
52641|372|
294128|52|
52641|372|
52641|372|
52641|372|
52641|372|
52641|372|
52641|372|
52641|372|
52641|372|
52641|372|
52641|372|
52641|372|
52641|372|
52641|372|
52641|372|
294128|52|
52641|372|
52641|372|
52641|372|
52641|372|
52641|372|
52641|372|
52641|372|
52641|372|
294128|52|
52641|372|
294128|52|
52641|372|
48193|71|
76593|11273|
155067|4804|
683832|422|
683832|422|
568895|5175|
7937|391|
|11785|
8127|134|
8255|1874|
48193|71|
163131|2044|
7937|391|
76593|11273|
48193|71|
8127|134|
214486|5807|
683832|422|
48193|71|
93621|352|
214486|5807|
8255|1874|
76593|11273|
7937|391|
8255|1874|
214486|5807|
568893|5691|
8255|1874|
214486|5807|
90988|1|
90988|1|
90988|1|
90988|1|
8032|49|
8032|49|
8032|49|
8032|49|
8032|49|
8032|49|
8030|68|
8030|68|
7152|122|
104777|1747|
37858|11009|
52928|11107|
335532|11104|
199954|31614|
152466|5360|
52928|11107|
335532|11104|
37858|11009|
184741|2205|
167815|5163|
184741|2205|
184741|2205|
184741|2205|
184741|2205|
184741|2205|
184741|2205|
184741|2205|
35525|5|
117530|2371|
117530|2371|
|4705|
294128|52|
294128|52|
294128|52|
294128|52|
551854|4714|
551854|4714|
5885|1165|
5935|5344|
|4421|
60850|5373|
|5913|
402028|5531|
413472|4422|
5927|11247|
638338|11616|
1090525|4429|
60849|10998|
|4765|
|5912|
151077|5338|
30342|1092|
8404|358|
8404|358|
8355|206|
8355|206|
8355|206|
8355|206|
8355|206|
8355|206|
|18567|
6660|421|
6660|421|
91582|2638|
178002|382|
161924|3045|
85549|366|
1041454|10965|
6660|421|
1550662|10967|
|18567|
161924|3045|
263416|758|
6660|421|
161924|3045|
161924|3045|
161924|3045|
161924|3045|
|4705|
59188|669|
120202|240|
6660|421|
308528|10709|
85549|366|
161924|3045|
1240928|1445|
6660|421|
6660|421|
|5926|
1240928|1445|
1240928|1445|
291243|5409|
6660|421|
6660|421|
1240928|1445|
85549|366|
6660|421|
80836|2488|
161924|3045|
117540|2640|
6660|421|
6660|421|
1305686|5939|
161924|3045|
6683|813|
161924|3045|
161924|3045|
1240928|1445|
161924|3045|
80836|2488|
6660|421|
1240928|1445|
178002|382|
6660|421|
35525|5|
35525|5|
117530|2371|
117530|2371|
294128|52|
35525|5|
294128|52|
35525|5|
294128|52|
294128|52|
35525|5|
294128|52|
117530|2371|
117530|2371|
272819|4707|
117530|2371|
35525|5|
294128|52|
117530|2371|
294128|52|
272819|4707|
294128|52|
117530|2371|
117530|2371|
294128|52|
117530|2371|
35525|5|
294128|52|
294128|52|
117530|2371|
35525|5|
117530|2371|
117530|2371|
35525|5|
35525|5|
35525|5|
117530|2371|
294128|52|
294128|52|
117530|2371|
117530|2371|
117530|2371|
35525|5|
117530|2371|
272819|4707|
35525|5|
117530|2371|
117530|2371|
117530|2371|
294128|52|
294128|52|
294128|52|
294128|52|
35525|5|
294128|52|
117530|2371|
117530|2371|
294128|52|
35525|5|
35525|5|
35525|5|
117530|2371|
294128|52|
294128|52|
35525|5|
294128|52|
294128|52|
294128|52|
117530|2371|
35525|5|
294128|52|
272819|4707|
294128|52|
35525|5|
117530|2371|
117530|2371|
294128|52|
117530|2371|
117530|2371|
117530|2371|
117530|2371|
1232801|1780|
8255|1874|
13013|2079|
155067|4804|
7937|391|
7937|391|
337539|308|
8255|1874|
214486|5807|
58325|45|
|481|
7937|391|
48668|42|
1365671|11274|
93621|352|
76593|11273|
214486|5807|
48193|71|
|11785|
8255|1874|
214486|5807|
13013|2079|
163131|2044|
76593|11273|
93621|352|
48193|71|
48668|42|
8127|134|
8255|1874|
58325|45|
48193|71|
214486|5807|
76593|11273|
50796|2938|
568895|5175|
313441|1632|
48668|42|
48193|71|
13013|2079|
90988|1|
90988|1|
90988|1|
90988|1|
90988|1|
90988|1|
90988|1|
90988|1|
90988|1|
90988|1|
90988|1|
90988|1|
90988|1|
90988|1|
90988|1|
90988|1|
90988|1|
90988|1|
69293|97|
90988|1|
90988|1|
90988|1|
90988|1|
90988|1|
90988|1|
90988|1|
90988|1|
90988|1|
90988|1|
90988|1|
90988|1|
90988|1|
90988|1|
90988|1|
90988|1|
90988|1|
90988|1|
90988|1|
90988|1|
90988|1|
90988|1|
90988|1|
90988|1|
90988|1|
90988|1|
90988|1|
90988|1|
90988|1|
90988|1|
90988|1|
90988|1|
90988|1|
90988|1|
90988|1|
90988|1|
90988|1|
90988|1|
90988|1|
90988|1|
90988|1|
90988|1|
90988|1|
90988|1|
90988|1|
90988|1|
90988|1|
90988|1|
90988|1|
90988|1|
90988|1|
90988|1|
69293|97|
90988|1|
90988|1|
90988|1|
90988|1|
90988|1|
90988|1|
90988|1|
90988|1|
90988|1|
90988|1|
90988|1|
90988|1|
90988|1|
90988|1|
90988|1|
90988|1|
90988|1|
90988|1|
90988|1|
90988|1|
90988|1|
90988|1|
90988|1|
90988|1|
69293|97|
90988|1|
90988|1|
90988|1|
90988|1|
90988|1|
90988|1|
90988|1|
90988|1|
90988|1|
90988|1|
90988|1|
90988|1|
90988|1|
90988|1|
90988|1|
90988|1|
90988|1|
90988|1|
90988|1|
8168|44|
90988|1|
90988|1|
90988|1|
90988|1|
90988|1|
90988|1|
90988|1|
90988|1|
90988|1|
90988|1|
90988|1|
90988|1|
90988|1|
90988|1|
90988|1|
90988|1|
90988|1|
90988|1|
90988|1|
90988|1|
90988|1|
90988|1|
90988|1|
90988|1|
90988|1|
90988|1|
90988|1|
90988|1|
90988|1|
90988|1|
90988|1|
90988|1|
90988|1|
90988|1|
90988|1|
90988|1|
8168|44|
90988|1|
90988|1|
90988|1|
90988|1|
90988|1|
90988|1|
7998|20|
90988|1|
90988|1|
90988|1|
90988|1|
90988|1|
90988|1|
90988|1|
90988|1|
90988|1|
90988|1|
90988|1|
90988|1|
90988|1|
90988|1|
90988|1|
90988|1|
90988|1|
90988|1|
90988|1|
90988|1|
90988|1|
90988|1|
90988|1|
90988|1|
90988|1|
90988|1|
90988|1|
90988|1|
90988|1|
90988|1|
90988|1|
90988|1|
90988|1|
90988|1|
90988|1|
90988|1|
90988|1|
90988|1|
90988|1|
90988|1|
90988|1|
90988|1|
90988|1|
90988|1|
90988|1|
90988|1|
90988|1|
90988|1|
90988|1|
90988|1|
90988|1|
90988|1|
90988|1|
90988|1|
90988|1|
90988|1|
90988|1|
90988|1|
90988|1|
90988|1|
90988|1|
90988|1|
90988|1|
90988|1|
90988|1|
90988|1|
90988|1|
90988|1|
90988|1|
90988|1|
90988|1|
90988|1|
90988|1|
90988|1|
90988|1|
90988|1|
90988|1|
90988|1|
90988|1|
90988|1|
90988|1|
90988|1|
90988|1|
90988|1|
90988|1|
90988|1|
90988|1|
90988|1|
90988|1|
90988|1|
90988|1|
90988|1|
90988|1|
90988|1|
90988|1|
90988|1|
90988|1|
90988|1|
90988|1|
90988|1|
90988|1|
90988|1|
90988|1|
90988|1|
90988|1|
90988|1|
90988|1|
8168|44|
90988|1|
90988|1|
90988|1|
90988|1|
90988|1|
90988|1|
90988|1|
90988|1|
90988|1|
90988|1|
90988|1|
90988|1|
90988|1|
90988|1|
90988|1|
90988|1|
90988|1|
90988|1|
90988|1|
90988|1|
90988|1|
90988|1|
90988|1|
90988|1|
90988|1|
90988|1|
90988|1|
90988|1|
90988|1|
90988|1|
90988|1|
90988|1|
90988|1|
90988|1|
90988|1|
90988|1|
90988|1|
90988|1|
90988|1|
90988|1|
90988|1|
90988|1|
90988|1|
90988|1|
90988|1|
90988|1|
90988|1|
69293|97|
90988|1|
90988|1|
90988|1|
90988|1|
90988|1|
90988|1|
90988|1|
90988|1|
90988|1|
90988|1|
90988|1|
90988|1|
90988|1|
90988|1|
90988|1|
90988|1|
90988|1|
90988|1|
90988|1|
90988|1|
90988|1|
90988|1|
90988|1|
90988|1|
90988|1|
90988|1|
90988|1|
90988|1|
90988|1|
90988|1|
90988|1|
90988|1|
90988|1|
90988|1|
90988|1|
90988|1|
90988|1|
90988|1|
90988|1|
90988|1|
90988|1|
90988|1|
90988|1|
90988|1|
90988|1|
90988|1|
90988|1|
90988|1|
8168|44|
90988|1|
90988|1|
90988|1|
90988|1|
90988|1|
90988|1|
90988|1|
90988|1|
90988|1|
90988|1|
90988|1|
90988|1|
90988|1|
90988|1|
90988|1|
90988|1|
90988|1|
90988|1|
90988|1|
90988|1|
7957|25|
7957|25|
7957|25|
7957|25|
7957|25|
7957|25|
8022|4|
8022|4|
8022|4|
8022|4|
8022|4|
8022|4|
8022|4|
8022|4|
8022|4|
8022|4|
8022|4|
8022|4|
8022|4|
8022|4|
8022|4|
8022|4|
8022|4|
8022|4|
8022|4|
8022|4|
8022|4|
8022|4|
8022|4|
8022|4|
8022|4|
8022|4|
8022|4|
8022|4|
8022|4|
8022|4|
8022|4|
8022|4|
8022|4|
8022|4|
8022|4|
8022|4|
8022|4|
8022|4|
8022|4|
8022|4|
8022|4|
8022|4|
8022|4|
8022|4|
8022|4|
8022|4|
8022|4|
8022|4|
8022|4|
8022|4|
8022|4|
8022|4|
8022|4|
8022|4|
8022|4|
8022|4|
8022|4|
8022|4|
8022|4|
8022|4|
8022|4|
8022|4|
8022|4|
8022|4|
170859|4810|
232998|2599|
209197|11660|
170859|4810|
72053|11611|
209197|11660|
170859|4810|
170859|4810|
72053|11611|
154827|2617|
232998|2599|
453929|11783|
72053|11611|
232998|2599|
232998|2599|
209197|11660|
209197|11660|
232998|2599|
209197|11660|
170859|4810|
170859|4810|
453929|11783|
453929|11783|
453929|11783|
232998|2599|
232998|2599|
154827|2617|
72053|11611|
232998|2599|
209197|11660|
170859|4810|
72053|11611|
232998|2599|
209197|11660|
232998|2599|
72053|11611|
170859|4810|
209197|11660|
232998|2599|
232998|2599|
154827|2617|
154827|2617|
232998|2599|
170859|4810|
72053|11611|
72053|11611|
72053|11611|
72053|11611|
209197|11660|
154827|2617|
154827|2617|
154827|2617|
72053|11611|
154827|2617|
154827|2617|
170859|4810|
232998|2599|
170859|4810|
232998|2599|
72053|11611|
170859|4810|
154827|2617|
453929|11783|
170859|4810|
232998|2599|
72053|11611|
232998|2599|
72053|11611|
170859|4810|
232998|2599|
209197|11660|
154827|2617|
209197|11660|
154827|2617|
209197|11660|
170859|4810|
154827|2617|
453929|11783|
170859|4810|
72053|11611|
170859|4810|
154827|2617|
154827|2617|
209197|11660|
209197|11660|
154827|2617|
154827|2617|
209197|11660|
72053|11611|
232998|2599|
453929|11783|
154827|2617|
209197|11660|
72053|11611|
232998|2599|
72053|11611|
209197|11660|
453929|11783|
453929|11783|
170859|4810|
154827|2617|
209197|11660|
170859|4810|
154827|2617|
7153|85|
7153|85|
7153|85|
7153|85|
7153|85|
7153|85|
7153|85|
7152|122|
7153|85|
7153|85|
7153|85|
7153|85|
7153|85|
7153|85|
35107|4602|
77619|2301|
|5665|
77619|2301|
|5665|
35107|4602|
|5665|
77619|2301|
35107|4602|
|4765|
|4765|
77619|2301|
|20333|
|4765|
|5665|
35107|4602|
104777|1747|
152466|5360|
175860|6079|
102324|10414|
1183213|5884|
152466|5360|
175860|6079|
102324|10414|
|18585|
102324|10414|
1183213|5884|
102324|10414|
1183213|5884|
|18585|
|18585|
1176411|5673|
|11019|
52928|11107|
|18585|
52928|11107|
335532|11104|
|18585|
102324|10414|
152466|5360|
1183213|5884|
37858|11009|
|18585|
|18585|
152466|5360|
102324|10414|
37858|11009|
102324|10414|
|18585|
335532|11104|
73031|586|
73031|586|
167815|5163|
6386|532|
6386|532|
6386|532|
6386|532|
6386|532|
6386|532|
6386|532|
6386|532|
298395|1467|
43115|970|
|764|
8429|5059|
8404|358|
8400|812|
272819|4707|
272819|4707|
272819|4707|
272819|4707|
272819|4707|
272819|4707|
27706|89|
90988|1|
90988|1|
90988|1|
90988|1|
90988|1|
90988|1|
90988|1|
90988|1|
90988|1|
90988|1|
90988|1|
90988|1|
90988|1|
90988|1|
90988|1|
90988|1|
90988|1|
90988|1|
90988|1|
90988|1|
90988|1|
90988|1|
90988|1|
90988|1|
90988|1|
328410|1653|
90988|1|
90988|1|
7998|20|
90988|1|
90988|1|
90988|1|
90988|1|
90988|1|
90988|1|
90988|1|
90988|1|
90988|1|
90988|1|
90988|1|
90988|1|
90988|1|
90988|1|
90988|1|
90988|1|
90988|1|
90988|1|
90988|1|
90988|1|
90988|1|
90988|1|
90988|1|
90988|1|
90988|1|
7957|25|
8022|4|
8022|4|
8022|4|
82763|1070|
82763|1070|
33397|81|
33397|81|
33397|81|
6386|532|
6386|532|
6386|532|
274642|5973|
274642|5973|
79674|648|
35525|5|
35525|5|
6726|629|
6726|629|
6386|532|
6386|532|
6386|532|
|1075|
|1075|
|1075|
|1075|
91582|2638|
117540|2640|
6660|421|
6660|421|
6660|421|
85549|366|
6660|421|
91582|2638|
161924|3045|
91582|2638|
91582|2638|
161924|3045|
91582|2638|
82763|1070|
91582|2638|
6660|421|
91582|2638|
80836|2488|
91582|2638|
91582|2638|
6660|421|
6660|421|
6660|421|
6660|421|
161924|3045|
85549|366|
6660|421|
161924|3045|
161924|3045|
80836|2488|
6660|421|
91582|2638|
80836|2488|
91582|2638|
80836|2488|
59188|669|
161924|3045|
80836|2488|
161924|3045|
91582|2638|
6660|421|
91582|2638|
|5926|
161924|3045|
|4676|
35525|5|
117530|2371|
35525|5|
35525|5|
|4676|
117530|2371|
48193|71|
|11785|
214486|5807|
214486|5807|
214486|5807|
8255|1874|
214486|5807|
8255|1874|
8255|1874|
48193|71|
8255|1874|
48193|71|
48193|71|
28743|86|
8022|4|
8022|4|
8022|4|
8022|4|
8022|4|
8022|4|
|5914|
|4765|
1090525|4429|
402028|5531|
5935|5344|
2035364|5334|
60850|5373|
413472|4422|
|4765|
60849|10998|
5927|11247|
|4421|
5885|1165|
|5913|
|5914|
638338|11616|
|5912|
151077|5338|
104777|1747|
6386|532|
6386|532|
6386|532|
6386|532|
6386|532|
6386|532|
6386|532|
6386|532|
6386|532|
6386|532|
6386|532|
6386|532|
10195|345|
1378283|4579|
1378283|4579|
|1009|
|1009|
|1009|
|1009|
|1009|
|1009|
|1009|
1378283|4579|
1378283|4579|
1378283|4579|
1378283|4579|
|5924|
117530|2371|
117530|2371|
117530|2371|
117530|2371|
117530|2371|
117530|2371|
117530|2371|
117530|2371|
117530|2371|
117530|2371|
117530|2371|
117530|2371|
93621|352|
93621|352|
8030|68|
8030|68|
644998|635|
644998|635|
644998|635|
644998|635|
117530|2371|
117530|2371|
117530|2371|
117530|2371|
117530|2371|
117530|2371|
90988|1|
8032|49|
8032|49|
8022|4|
8022|4|
82763|1070|
35525|5|
35525|5|
35525|5|
35525|5|
35525|5|
35525|5|
35525|5|
35525|5|
35525|5|
35525|5|
8022|4|
8022|4|
8022|4|
8022|4|
8022|4|
8022|4|
|20333|
35525|5|
35525|5|
6386|532|
6386|532|
6386|532|
|1075|
|1075|
|1075|
|1075|
337539|308|
337539|308|
|11683|
337539|308|
45954|218|
45954|218|
492274|5015|
8017|219|
8128|485|
|94|
7176|397|
7176|397|
191797|697|
191797|697|
191797|697|
191797|697|
|1640|
|1640|
|1640|
191797|697|
|1640|
191797|697|
|1640|
|1640|
191797|697|
191797|697|
|1640|
|1640|
191797|697|
191797|697|
191797|697|
|1640|
|1640|
191797|697|
191797|697|
191797|697|
191797|697|
|1640|
191797|697|
191797|697|
|1640|
191797|697|
|1640|
6706|346|
6706|346|
6706|346|
8342|2355|
8342|2355|
8128|485|
59899|113|
117530|2371|
1522908|5900|
1522908|5900|
1522908|5900|
85549|366|
|643|
8022|4|
294128|52|
294128|52|
294128|52|
294128|52|
294128|52|
294128|52|
294128|52|
294128|52|
59188|669|
85549|366|
104777|1747|
117530|2371|
117530|2371|
7962|21|
7962|21|
7962|21|
7962|21|
7962|21|
117530|2371|
117530|2371|
8168|44|
8168|44|
8168|44|
8168|44|
8168|44|
8168|44|
8168|44|
8168|44|
8168|44|
8168|44|
8168|44|
8168|44|
8030|68|
8030|68|
8030|68|
8030|68|
8030|68|
8030|68|
45954|218|
45954|218|
45954|218|
45954|218|
45954|218|
45954|218|
170859|4810|
154827|2617|
232998|2599|
154827|2617|
232998|2599|
170859|4810|
154827|2617|
232998|2599|
170859|4810|
45954|218|
45954|218|
45954|218|
161924|3045|
150844|901|
161924|3045|
|11518|
|2420|
|1620|
|2420|
302197|963|
|11518|
120202|240|
302197|963|
|18567|
|18567|
120202|240|
|1620|
35525|5|
117530|2371|
117530|2371|
117530|2371|
117530|2371|
|1349|
8127|134|
8127|134|
8127|134|
8127|134|
|20333|
634721|10969|
634721|10969|
634721|10969|
634721|10969|
634721|10969|
634721|10969|
634721|10969|
634721|10969|
45954|218|
45954|218|
6239|4550|
6239|4550|
6239|4550|
6239|4550|
170859|4810|
170859|4810|
232998|2599|
232998|2599|
154827|2617|
232998|2599|
170859|4810|
154827|2617|
154827|2617|
117530|2371|
117530|2371|
85428|2858|
154827|2617|
154827|2617|
232998|2599|
170859|4810|
170859|4810|
154827|2617|
154827|2617|
232998|2599|
232998|2599|
154827|2617|
170859|4810|
170859|4810|
232998|2599|
170859|4810|
232998|2599|
27717|43|
27717|43|
27717|43|
7959|201|
7959|201|
59636|2368|
|388|
|388|
|5942|
6683|813|
|5942|
6660|421|
6660|421|
236578|5984|
6660|421|
|5942|
1041454|10965|
6660|421|
|388|
6660|421|
|5942|
72037|11855|
|388|
6660|421|
6660|421|
6660|421|
6660|421|
|388|
236578|5984|
6761|2461|
|5942|
|388|
|5942|
|2454|
|5942|
|388|
|5942|
|5942|
6660|421|
|18567|
6728|102|
6660|421|
223650|1577|
91582|2638|
|5942|
|5942|
6660|421|
|5942|
|388|
|388|
72037|11855|
|388|
|388|
|5942|
|5942|
1708515|1848|
|388|
6660|421|
|388|
1708515|1848|
|5942|
120202|240|
|5942|
|18567|
|5942|
1218286|1627|
72037|11855|
|388|
6660|421|
|5942|
|388|
|5942|
|388|
223650|1577|
|5942|
65426|712|
|11545|
6660|421|
|5942|
88015|649|
|4676|
35525|5|
110441|142|
110441|142|
6763|76|
6763|76|
6763|76|
6763|76|
6763|76|
117530|2371|
35525|5|
6763|76|
6763|76|
6763|76|
6763|76|
88015|649|
6763|76|
6763|76|
117530|2371|
6763|76|
6763|76|
6763|76|
1239313|4665|
294128|52|
6763|76|
1239313|4665|
6763|76|
6763|76|
6763|76|
6763|76|
35525|5|
6763|76|
6763|76|
35525|5|
6763|76|
6763|76|
117530|2371|
88015|649|
6763|76|
6763|76|
6763|76|
88015|649|
35525|5|
35525|5|
1239313|4665|
6763|76|
6763|76|
6763|76|
6763|76|
6726|629|
6763|76|
|4676|
6763|76|
294128|52|
6726|629|
6763|76|
88015|649|
6763|76|
294128|52|
88015|649|
|75|
294128|52|
1239313|4665|
110441|142|
6763|76|
294128|52|
294128|52|
6763|76|
117530|2371|
6763|76|
52904|1977|
13013|2079|
8127|134|
84645|202|
84645|202|
48193|71|
27771|132|
84645|202|
84645|202|
8187|5261|
8255|1874|
8187|5261|
8187|5261|
52904|1977|
8127|134|
52904|1977|
8187|5261|
84645|202|
84645|202|
8255|1874|
84645|202|
8187|5261|
8255|1874|
8187|5261|
8187|5261|
84645|202|
84645|202|
7937|391|
76593|11273|
48193|71|
37003|1517|
7937|391|
84645|202|
84645|202|
8127|134|
214486|5807|
8127|134|
52904|1977|
84645|202|
52904|1977|
84645|202|
8187|5261|
37003|1517|
8127|134|
52904|1977|
8127|134|
52904|1977|
8187|5261|
8255|1874|
52904|1977|
52904|1977|
7937|391|
84645|202|
76593|11273|
214486|5807|
8187|5261|
93621|352|
84645|202|
52904|1977|
84645|202|
8128|485|
84645|202|
84645|202|
84645|202|
214486|5807|
48193|71|
37003|1517|
214486|5807|
337539|308|
13013|2079|
84645|202|
48193|71|
304456|418|
76593|11273|
28743|86|
13106|2|
28743|86|
13106|2|
28743|86|
28743|86|
28743|86|
28743|86|
28743|86|
7962|21|
7962|21|
7962|21|
7962|21|
7962|21|
7962|21|
7962|21|
7962|21|
7962|21|
7962|21|
7962|21|
7962|21|
7962|21|
7962|21|
7962|21|
7962|21|
7962|21|
7962|21|
7962|21|
7962|21|
7962|21|
7962|21|
7962|21|
7962|21|
7962|21|
7962|21|
7152|122|
|5914|
402028|5531|
|4765|
638338|11616|
151077|5338|
|5912|
5935|5344|
|5913|
60850|5373|
|20333|
2035364|5334|
60849|10998|
|11019|
102324|10414|
152466|5360|
|11019|
91350|4725|
|11019|
|11019|
1183213|5884|
|18585|
|18585|
|11019|
1183213|5884|
|11019|
102324|10414|
|5653|
|18585|
152466|5360|
102324|10414|
1183213|5884|
|18585|
|11019|
|18585|
102324|10414|
102324|10414|
102324|10414|
1183213|5884|
|18585|
145637|5642|
73031|586|
286770|5829|
344395|5534|
288431|5522|
293677|5590|
344395|5534|
|5529|
2012609|5521|
|5529|
70226|5587|
2012609|5521|
344395|5534|
403128|5518|
|5529|
293677|5590|
2012609|5521|
286770|5829|
293874|5828|
288431|5522|
403128|5518|
35561|5530|
288431|5522|
35561|5530|
35561|5530|
|5830|
403128|5518|
293677|5590|
6386|532|
34589|5627|
34589|5627|
6386|532|
6386|532|
6386|532|
6386|532|
6386|532|
34589|5627|
6386|532|
6386|532|
6239|4550|
6239|4550|
6386|532|
6239|4550|
6386|532|
6386|532|
6386|532|
195543|1186|
6239|4550|
913645|7586|
6386|532|
6386|532|
6386|532|
6386|532|
6239|4550|
6239|4550|
6239|4550|
6386|532|
|2420|
|2420|
85549|366|
117540|2640|
|11518|
150844|901|
|11518|
|1620|
|5926|
302197|963|
|1620|
150844|901|
120202|240|
302197|963|
120202|240|
294128|52|
294128|52|
294128|52|
294128|52|
8127|134|
90988|1|
90988|1|
90988|1|
90988|1|
90988|1|
90988|1|
90988|1|
90988|1|
90988|1|
90988|1|
90988|1|
90988|1|
90988|1|
90988|1|
90988|1|
90988|1|
90988|1|
90988|1|
90988|1|
90988|1|
90988|1|
90988|1|
90988|1|
90988|1|
90988|1|
90988|1|
90988|1|
90988|1|
90988|1|
90988|1|
90988|1|
90988|1|
90988|1|
90988|1|
90988|1|
90988|1|
90988|1|
90988|1|
90988|1|
90988|1|
90988|1|
90988|1|
90988|1|
90988|1|
90988|1|
90988|1|
90988|1|
90988|1|
90988|1|
90988|1|
90988|1|
90988|1|
90988|1|
90988|1|
90988|1|
90988|1|
90988|1|
90988|1|
90988|1|
90988|1|
90988|1|
90988|1|
90988|1|
90988|1|
90988|1|
90988|1|
90988|1|
90988|1|
90988|1|
90988|1|
90988|1|
90988|1|
90988|1|
90988|1|
90988|1|
90988|1|
90988|1|
90988|1|
90988|1|
90988|1|
90988|1|
8032|49|
8032|49|
8032|49|
8032|49|
8032|49|
8032|49|
8032|49|
8022|4|
8022|4|
8022|4|
8022|4|
8022|4|
8022|4|
8022|4|
8022|4|
8022|4|
8022|4|
8022|4|
8022|4|
8022|4|
8022|4|
8022|4|
8022|4|
8022|4|
104777|1747|
223992|5671|
223992|5671|
223992|5671|
223992|5671|
223992|5671|
223992|5671|
223992|5671|
223992|5671|
223992|5671|
223992|5671|
223992|5671|
223992|5671|
223992|5671|
8128|485|
8022|4|
|2454|
|2454|
|2454|
|2454|
|2454|
|2454|
|2454|
7962|21|
7962|21|
7962|21|
7962|21|
7962|21|
7962|21|
7962|21|
7962|21|
7962|21|
7962|21|
195543|1186|
195543|1186|
195543|1186|
195543|1186|
195543|1186|
195543|1186|
195543|1186|
195543|1186|
85549|366|
59188|669|
104777|1747|
8022|4|
8038|3|
8038|3|
8038|3|
8038|3|
8038|3|
8038|3|
8038|3|
8038|3|
8038|3|
85549|366|
33528|16|
|1075|
|1075|
|1075|
|1075|
7962|1520|
117530|2371|
117530|2371|
117530|2371|
117530|2371|
8019|23|
8019|23|
8019|23|
74940|22|
8019|23|
74940|22|
8019|23|
74940|22|
8019|23|
74940|22|
8019|23|
74940|22|
74940|22|
8019|23|
74940|22|
8019|23|
8019|23|
8019|23|
8019|23|
74940|22|
8022|4|
8022|4|
8022|4|
8022|4|
8022|4|
8022|4|
8022|4|
8022|4|
7176|397|
191797|697|
191797|697|
|1640|
|1640|
|1640|
191797|697|
191797|697|
191797|697|
191797|697|
|1640|
191797|697|
191797|697|
|1640|
191797|697|
|1640|
|1640|
191797|697|
|1640|
|1640|
191797|697|
|1640|
|1640|
|1640|
191797|697|
|1640|
33397|81|
33397|81|
33397|81|
6386|532|
6386|532|
6386|532|
71413|5499|
71413|5499|
71413|5499|
92525|609|
71413|5499|
71413|5499|
27406|5852|
71413|5499|
71413|5499|
71413|5499|
71413|5499|
71413|5499|
71413|5499|
71413|5499|
71413|5499|
647170|714|
71413|5499|
27406|5852|
71413|5499|
71413|5499|
27406|5852|
27406|5852|
27406|5852|
71413|5499|
71413|5499|
71413|5499|
92525|609|
71413|5499|
91582|2638|
71413|5499|
71413|5499|
71413|5499|
27406|5852|
71413|5499|
27406|5852|
71413|5499|
71413|5499|
71413|5499|
71413|5499|
117530|2371|
294128|52|
52641|372|
294128|52|
294128|52|
136140|1784|
294128|52|
294128|52|
294128|52|
294128|52|
117530|2371|
294128|52|
52641|372|
294128|52|
294128|52|
294128|52|
294128|52|
294128|52|
294128|52|
294128|52|
294128|52|
294128|52|
294128|52|
52904|1977|
336824|5916|
52904|1977|
8175|11036|
52904|1977|
8175|11036|
52904|1977|
52904|1977|
52904|1977|
8175|11036|
52904|1977|
52904|1977|
52904|1977|
52904|1977|
52904|1977|
8175|11036|
8175|11036|
336824|5916|
8175|11036|
336824|5916|
8175|11036|
52904|1977|
52904|1977|
336824|5916|
52904|1977|
52904|1977|
336824|5916|
46259|468|
52904|1977|
52904|1977|
8175|11036|
336824|5916|
8175|11036|
46259|468|
336824|5916|
490146|10296|
52904|1977|
52904|1977|
8175|11036|
52904|1977|
52904|1977|
8175|11036|
52904|1977|
8175|11036|
336824|5916|
8175|11036|
8175|11036|
8175|11036|
8175|11036|
52904|1977|
46259|468|
52904|1977|
52904|1977|
52904|1977|
490146|10296|
52904|1977|
8175|11036|
52904|1977|
8175|11036|
93621|352|
13489|365|
13489|365|
13489|365|
13489|365|
13489|365|
13489|365|
13489|365|
13489|365|
13489|365|
13489|365|
13489|365|
13489|365|
13489|365|
13489|365|
13489|365|
13489|365|
13489|365|
13489|365|
13489|365|
328410|1653|
13489|365|
13489|365|
13489|365|
13489|365|
13489|365|
13489|365|
13489|365|
13489|365|
13489|365|
13489|365|
13489|365|
13489|365|
13489|365|
13489|365|
13489|365|
7153|85|
315576|964|
7153|85|
7153|85|
315576|964|
61662|640|
61662|640|
61662|640|
|3031|
|3031|
|3031|
|3031|
|3031|
|3031|
|3031|
|3031|
|3031|
|3031|
|3031|
|3031|
|3031|
|3031|
|3031|
|3031|
|3031|
|3031|
238741|2208|
238741|2208|
238741|2208|
238741|2208|
238741|2208|
238741|2208|
238741|2208|
238741|2208|
238741|2208|
238741|2208|
238741|2208|
238741|2208|
238741|2208|
238741|2208|
238741|2208|
238741|2208|
238741|2208|
238741|2208|
8022|4|
103479|407|
117982|652|
117982|652|
117982|652|
117982|652|
117982|652|
117982|652|
117982|652|
117982|652|
117982|652|
117982|652|
117982|652|
117982|652|
117982|652|
117982|652|
117982|652|
117982|652|
117982|652|
117982|652|
117982|652|
117982|652|
117982|652|
117982|652|
117982|652|
117982|652|
117982|652|
117982|652|
117982|652|
117982|652|
117982|652|
117982|652|
117982|652|
117982|652|
117982|652|
117982|652|
117982|652|
117982|652|
117982|652|
117982|652|
117982|652|
117982|652|
117982|652|
117982|652|
117982|652|
117982|652|
117982|652|
117982|652|
117982|652|
117982|652|
315709|27|
315709|27|
315709|27|
28743|86|
28743|86|
28743|86|
28743|86|
28743|86|
28743|86|
28743|86|
28743|86|
28743|86|
28743|86|
28743|86|
28743|86|
28743|86|
28743|86|
28743|86|
28743|86|
28743|86|
28743|86|
28743|86|
7998|20|
28743|86|
28743|86|
28743|86|
28743|86|
28743|86|
28743|86|
28743|86|
28743|86|
28743|86|
28743|86|
28743|86|
28743|86|
28743|86|
28743|86|
28743|86|
28743|86|
28743|86|
28743|86|
28743|86|
28743|86|
28743|86|
28743|86|
28743|86|
28743|86|
28743|86|
28743|86|
28743|86|
28743|86|
28743|86|
8022|4|
8022|4|
8022|4|
77663|10813|
245081|10804|
245081|10804|
77663|10813|
33528|16|
33528|16|
33528|16|
33528|16|
33528|16|
33528|16|
33528|16|
8127|134|
33528|16|
33528|16|
33528|16|
33528|16|
33528|16|
33528|16|
33528|16|
33528|16|
33528|16|
33528|16|
33528|16|
33528|16|
33528|16|
33528|16|
33528|16|
33528|16|
33528|16|
33528|16|
33528|16|
33528|16|
33528|16|
33528|16|
33528|16|
33528|16|
33528|16|
33528|16|
10194|1205|
10194|1205|
|1787|
644998|635|
|1787|
|1787|
|1787|
6386|532|
|16163|
1522908|5900|
6660|421|
6660|421|
6660|421|
117530|2371|
117530|2371|
117530|2371|
117530|2371|
232998|2599|
232998|2599|
170859|4810|
154827|2617|
232998|2599|
232998|2599|
170859|4810|
170859|4810|
154827|2617|
154827|2617|
154827|2617|
29144|386|
29144|386|
29144|386|
8355|206|
1761709|4719|
35525|5|
232998|2599|
170859|4810|
170859|4810|
154827|2617|
154827|2617|
232998|2599|
170859|4810|
154827|2617|
232998|2599|
35525|5|
35525|5|
8022|4|
8022|4|
8022|4|
8022|4|
8022|4|
8022|4|
8355|206|
1232801|1780|
7878|13814|
315576|964|
315576|964|
315576|964|
315576|964|
315576|964|
315576|964|
315576|964|
315576|964|
315576|964|
315576|964|
315576|964|
315576|964|
315576|964|
315576|964|
315576|964|
315576|964|
315576|964|
315576|964|
315576|964|
315576|964|
315576|964|
315576|964|
315576|964|
315576|964|
315576|964|
315576|964|
315576|964|
315576|964|
315576|964|
315576|964|
315576|964|
315576|964|
315576|964|
315576|964|
315576|964|
315576|964|
315576|964|
315576|964|
315576|964|
315576|964|
315576|964|
315576|964|
315576|964|
315576|964|
315576|964|
315576|964|
315576|964|
315576|964|
315576|964|
315576|964|
315576|964|
315576|964|
315576|964|
8260|130|
|486|
117530|2371|
90988|1|
90988|1|
90988|1|
85549|366|
|643|
8081|28|
90988|1|
61662|640|
61662|640|
61662|640|
61662|640|
45954|218|
45954|218|
45954|218|
45954|218|
45954|218|
45954|218|
8022|4|
35525|5|
35525|5|
135777|209|
135777|209|
135777|209|
135777|209|
135777|209|
135777|209|
8128|485|
8081|28|
85549|366|
104777|1747|
|486|
117530|2371|
|486|
159741|1460|
159741|1460|
159741|1460|
56722|5327|
61620|2497|
61620|2497|
120844|5416|
56722|5327|
61620|2497|
56722|5327|
8022|4|
8022|4|
8022|4|
85549|366|
33528|16|
90988|1|
8022|4|
8022|4|
8128|485|
8128|485|
90988|1|
8022|4|
1522908|5900|
1522908|5900|
1522908|5900|
85549|366|
85549|366|
85549|366|
85549|366|
1522908|5900|
8022|4|
13106|2|
13106|2|
13106|2|
6544|1225|
6544|1225|
|643|
85549|366|
|3031|
238741|2208|
238741|2208|
238741|2208|
238741|2208|
238741|2208|
238741|2208|
238741|2208|
238741|2208|
238741|2208|
13106|2|
90988|1|
90988|1|
28743|86|
8022|4|
1522908|5900|
13106|2|
90988|1|
28743|86|
90988|1|
8022|4|
8128|485|
8090|109|
8081|28|
8090|109|
8090|109|
13106|2|
28743|86|
90988|1|
90988|1|
8022|4|
7175|210|
7175|210|
7176|397|
7175|210|
159741|1460|
61620|2497|
56722|5327|
8022|4|
13013|2079|
6359|5406|
6359|5406|
90988|1|
90988|1|
90988|1|
90988|1|
90988|1|
90988|1|
90988|1|
90988|1|
8090|109|
120202|240|
88015|649|
6763|76|
6763|76|
6763|76|
7176|397|
7159|230|
7159|230|
7159|230|
7159|230|
7159|230|
7160|1770|
7160|1770|
35525|5|
35525|5|
135777|209|
135777|209|
135777|209|
135777|209|
135777|209|
135777|209|
8022|4|
155067|4804|
6359|5406|
6359|5406|
8022|4|
8022|4|
8022|4|
312086|10537|
312086|10537|
1221126|10532|
312086|10537|
1221126|10532|
312086|10537|
294128|52|
35525|5|
8032|49|
315576|964|
184741|2205|
90988|1|
90988|1|
13106|2|
28743|86|
8022|4|
|3031|
|3031|
|3031|
|3031|
|3031|
|3031|
|3031|
|3031|
|3031|
|3031|
|3031|
|3031|
35525|5|
6687|252|
6687|252|
6687|252|
6687|252|
6687|252|
6687|252|
7959|201|
90988|1|
8022|4|
8022|4|
7176|397|
7160|1770|
7160|1770|
|5926|
117540|2640|
85549|366|
294128|52|
294128|52|
294128|52|
294128|52|
294128|52|
294128|52|
8255|1874|
214486|5807|
214486|5807|
48193|71|
214486|5807|
214486|5807|
163131|2044|
48193|71|
8255|1874|
8255|1874|
8255|1874|
48193|71|
60262|5753|
48193|71|
104777|1747|
8022|4|
8128|485|
|633|
|5917|
|5917|
35525|5|
110441|142|
35525|5|
35525|5|
|75|
8127|134|
120844|5416|
8127|134|
120844|5416|
120844|5416|
120844|5416|
120844|5416|
120844|5416|
8128|485|
120844|5416|
120844|5416|
120844|5416|
120844|5416|
64152|528|
1218281|5933|
|1640|
|1640|
|1640|
|1640|
159741|1460|
|633|
|18239|
159741|1460|
159741|1460|
35525|5|
35525|5|
35525|5|
110441|142|
35525|5|
35525|5|
35525|5|
|75|
8127|134|
8127|134|
61620|2497|
56722|5327|
56722|5327|
56722|5327|
8127|134|
64152|528|
64152|528|
8127|134|
84645|202|
8128|485|
61620|2497|
8127|134|
8127|134|
61620|2497|
8081|28|
8081|28|
7962|21|
7962|21|
7962|21|
7962|21|
8022|4|
8022|4|
8022|4|
7176|397|
|4650|
|1579|
|1579|
7176|397|
7160|1770|
5997|4560|
110441|142|
|75|
64152|528|
90988|1|
90988|1|
90988|1|
90988|1|
90988|1|
90988|1|
90988|1|
90988|1|
90988|1|
90988|1|
90988|1|
90988|1|
90988|1|
90988|1|
90988|1|
90988|1|
90988|1|
90988|1|
90988|1|
90988|1|
90988|1|
90988|1|
90988|1|
90988|1|
90988|1|
90988|1|
8081|28|
90988|1|
90988|1|
90988|1|
90988|1|
90988|1|
90988|1|
90988|1|
90988|1|
90988|1|
90988|1|
90988|1|
90988|1|
90988|1|
90988|1|
90988|1|
90988|1|
90988|1|
90988|1|
90988|1|
90988|1|
90988|1|
90988|1|
90988|1|
90988|1|
90988|1|
8081|28|
90988|1|
90988|1|
90988|1|
7962|21|
7962|21|
7962|21|
8022|4|
8022|4|
8022|4|
8022|4|
8022|4|
8022|4|
8022|4|
8022|4|
8022|4|
8022|4|
8022|4|
8022|4|
8022|4|
8022|4|
8022|4|
8022|4|
8022|4|
8022|4|
8022|4|
8022|4|
8022|4|
8022|4|
8022|4|
8022|4|
8022|4|
8022|4|
8022|4|
8022|4|
8022|4|
8022|4|
8022|4|
8022|4|
8022|4|
8022|4|
8022|4|
8022|4|
8022|4|
8022|4|
8022|4|
8022|4|
8022|4|
8022|4|
8022|4|
8022|4|
8022|4|
8022|4|
8022|4|
8022|4|
8022|4|
8022|4|
8022|4|
8022|4|
8022|4|
8022|4|
154827|2617|
232998|2599|
154827|2617|
170859|4810|
154827|2617|
72053|11611|
232998|2599|
72053|11611|
72053|11611|
232998|2599|
170859|4810|
209197|11660|
209197|11660|
170859|4810|
209197|11660|
72053|11611|
72053|11611|
209197|11660|
232998|2599|
232998|2599|
154827|2617|
209197|11660|
154827|2617|
154827|2617|
154827|2617|
232998|2599|
72053|11611|
209197|11660|
72053|11611|
232998|2599|
232998|2599|
232998|2599|
170859|4810|
209197|11660|
154827|2617|
72053|11611|
170859|4810|
170859|4810|
453929|11783|
154827|2617|
170859|4810|
209197|11660|
209197|11660|
453929|11783|
170859|4810|
154827|2617|
154827|2617|
453929|11783|
209197|11660|
170859|4810|
232998|2599|
170859|4810|
453929|11783|
72053|11611|
209197|11660|
453929|11783|
72053|11611|
154827|2617|
170859|4810|
453929|11783|
72053|11611|
154827|2617|
232998|2599|
72053|11611|
170859|4810|
453929|11783|
453929|11783|
232998|2599|
232998|2599|
170859|4810|
72053|11611|
72053|11611|
154827|2617|
209197|11660|
170859|4810|
232998|2599|
154827|2617|
209197|11660|
72053|11611|
232998|2599|
170859|4810|
72053|11611|
232998|2599|
170859|4810|
209197|11660|
72053|11611|
209197|11660|
209197|11660|
232998|2599|
232998|2599|
453929|11783|
170859|4810|
170859|4810|
209197|11660|
154827|2617|
154827|2617|
72053|11611|
209197|11660|
154827|2617|
|1049|
7175|210|
|18407|
7177|647|
|18407|
7162|2470|
7175|210|
7175|210|
|18407|
|18407|
7162|2470|
|18407|
7162|2470|
|18407|
|18407|
|1049|
|18407|
104516|5839|
7177|647|
7162|2470|
|18407|
7162|2470|
|18407|
28624|6094|
|18407|
|18407|
7162|2470|
7159|230|
7159|230|
7159|230|
7160|1770|
7955|5156|
7955|5156|
|18239|
8130|2495|
8128|485|
|94|
8128|485|
48668|42|
8128|485|
8081|28|
8081|28|
7962|21|
|18407|
|2422|
7176|397|
|18407|
|18407|
498392|4677|
|18407|
|18407|
|1049|
|18407|
|18407|
|18407|
|1049|
|18407|
|18407|
|18407|
|18407|
|18407|
|18407|
|18407|
|18407|
7159|230|
7159|230|
7159|230|
13013|2079|
8128|485|
85549|366|
33528|16|
35525|5|
8022|4|
90988|1|
8090|109|
8356|1492|
1232801|1780|
117530|2371|
8342|2355|
8342|2355|
8128|485|
8081|28|
400727|4733|
27706|89|
147949|106|
147949|106|
147949|106|
147949|106|
27706|89|
27706|89|
27706|89|
283036|3056|
283036|3056|
283036|3056|
283036|3056|
221654|302|
221654|302|
37273|4393|
37273|4393|
269057|341|
269057|341|
28743|86|
28743|86|
6669|8|
35525|5|
48668|42|
58324|383|
8032|49|
6687|252|
6687|252|
6687|252|
6687|252|
6687|252|
6687|252|
8022|4|
85549|366|
33528|16|
8022|4|
7955|5156|
7955|5156|
1232801|1780|
8022|4|
274642|5973|
74940|22|
74940|22|
74940|22|
8022|4|
8022|4|
8022|4|
50443|540|
50443|540|
219470|751|
219470|751|
219470|751|
219470|751|
6669|8|
8032|49|
8022|4|
8022|4|
7159|230|
576213|17080|
8022|4|
8022|4|
|5670|
|10723|
|10723|
|10723|
|10723|
|10723|
8404|358|
221654|302|
120844|5416|
120844|5416|
120844|5416|
120844|5416|
120844|5416|
120844|5416|
120844|5416|
120844|5416|
120844|5416|
120844|5416|
120844|5416|
120844|5416|
120844|5416|
120844|5416|
120844|5416|
90988|1|
90988|1|
13106|2|
13106|2|
8078|57|
90988|1|
90988|1|
90988|1|
90988|1|
90988|1|
13106|2|
8022|4|
|2422|
498392|4677|
7176|397|
7159|230|
1522908|5900|
90988|1|
90988|1|
90988|1|
90988|1|
90988|1|
90988|1|
90988|1|
90988|1|
8022|4|
8022|4|
8022|4|
8022|4|
8022|4|
8022|4|
8022|4|
8022|4|
8022|4|
8022|4|
|18239|
8128|485|
8081|28|
90988|1|
35525|5|
90988|1|
90988|1|
13106|2|
90988|1|
90988|1|
90988|1|
13106|2|
13106|2|
13106|2|
90988|1|
13106|2|
13106|2|
13106|2|
90988|1|
13106|2|
13106|2|
90988|1|
90988|1|
90988|1|
13106|2|
8128|485|
8090|109|
238741|2208|
238741|2208|
238741|2208|
8022|4|
83874|1093|
83874|1093|
83874|1093|
83874|1093|
83874|1093|
83874|1093|
83874|1093|
83874|1093|
83874|1093|
83874|1093|
83874|1093|
83874|1093|
8090|109|
8090|109|
8090|109|
8090|109|
8090|109|
8090|109|
8090|109|
8090|109|
8090|109|
8090|109|
8090|109|
8090|109|
221654|302|
221654|302|
8022|4|
7159|230|
7159|230|
7159|230|
|5657|
|5657|
8384|1091|
8384|1091|
8384|1091|
|5657|
8384|1091|
|5657|
35525|5|
35525|5|
35525|5|
35525|5|
7959|201|
7959|201|
7959|201|
527796|2267|
527796|2267|
527796|2267|
527796|2267|
76587|233|
76587|233|
76587|233|
76587|233|
76587|233|
76587|233|
90988|1|
90988|1|
90988|1|
90988|1|
90988|1|
90988|1|
90988|1|
90988|1|
90988|1|
90988|1|
90988|1|
90988|1|
90988|1|
90988|1|
90988|1|
90988|1|
8022|4|
8022|4|
8022|4|
8022|4|
8022|4|
8022|4|
8022|4|
8022|4|
8022|4|
8022|4|
8022|4|
8022|4|
8022|4|
8022|4|
8022|4|
8022|4|
8022|4|
8022|4|
8022|4|
8022|4|
1522908|5900|
8128|485|
|25802|
7176|397|
|16950|
7159|230|
7160|1770|
294128|52|
7176|397|
238741|2208|
238741|2208|
238741|2208|
120202|240|
576213|17080|
7160|1770|
90988|1|
13106|2|
90988|1|
8022|4|
90988|1|
294128|52|
35525|5|
315576|964|
184741|2205|
85549|366|
|643|
8019|23|
74940|22|
8019|23|
8019|23|
74940|22|
8019|23|
74940|22|
74940|22|
8022|4|
8022|4|
8022|4|
8022|4|
45954|218|
45954|218|
45954|218|
45954|218|
45954|218|
45954|218|
8022|4|
8022|4|
8022|4|
8022|4|
8022|4|
8022|4|
8022|4|
8022|4|
8022|4|
8022|4|
8022|4|
8022|4|
8022|4|
8022|4|
8022|4|
8022|4|
8022|4|
8022|4|
8022|4|
35525|5|
294128|52|
315576|964|
184741|2205|
8022|4|
|3031|
|3031|
|3031|
238741|2208|
238741|2208|
238741|2208|
8022|4|
8022|4|
8022|4|
8022|4|
8022|4|
8022|4|
8022|4|
8022|4|
8022|4|
8022|4|
8022|4|
8022|4|
8022|4|
8022|4|
8022|4|
8022|4|
8022|4|
8022|4|
8022|4|
8022|4|
8022|4|
8022|4|
8022|4|
8022|4|
8022|4|
8022|4|
8022|4|
8022|4|
8022|4|
8022|4|
8022|4|
8022|4|
8022|4|
8022|4|
8022|4|
8022|4|
8022|4|
8022|4|
8022|4|
8022|4|
90988|1|
90988|1|
90988|1|
90988|1|
90988|1|
90988|1|
90988|1|
90988|1|
8022|4|
8022|4|
8022|4|
8022|4|
8022|4|
8022|4|
8022|4|
8022|4|
8022|4|
8022|4|
7955|5156|
7955|5156|
7955|5156|
8022|4|
8022|4|
