"Species NCBI TaxID"|"Species ECOTOX Number"|
6239|4550|
6239|4550|
6239|4550|
6239|4550|
6239|4550|
6239|4550|
6239|4550|
6239|4550|
6239|4550|
6239|4550|
6239|4550|
6239|4550|
6239|4550|
6239|4550|
6239|4550|
6239|4550|
6239|4550|
6239|4550|
6239|4550|
6239|4550|
6239|4550|
6239|4550|
6239|4550|
6239|4550|
6239|4550|
3702|3160|
3702|3160|
3702|3160|
3702|3160|
3702|3160|
3702|3160|
3702|3160|
3702|3160|
3702|3160|
3702|3160|
3702|3160|
3702|3160|
3702|3160|
3702|3160|
3702|3160|
3702|3160|
3702|3160|
3702|3160|
3702|3160|
3702|3160|
3702|3160|
3702|3160|
3702|3160|
3702|3160|
3702|3160|
3702|3160|
3702|3160|
3702|3160|
3702|3160|
3702|3160|
3702|3160|
3702|3160|
3702|3160|
3702|3160|
3702|3160|
3702|3160|
3702|3160|
3702|3160|
3702|3160|
3702|3160|
3702|3160|
3702|3160|
3702|3160|
3702|3160|
3702|3160|
3702|3160|
3702|3160|
3702|3160|
3702|3160|
3702|3160|
3702|3160|
3702|3160|
3702|3160|
3702|3160|
3702|3160|
3702|3160|
3702|3160|
3702|3160|
3702|3160|
3702|3160|
3702|3160|
3702|3160|
3702|3160|
3702|3160|
3702|3160|
3702|3160|
3702|3160|
3702|3160|
3702|3160|
3702|3160|
3702|3160|
3702|3160|
3702|3160|
3702|3160|
3702|3160|
3702|3160|
3702|3160|
3702|3160|
3702|3160|
3702|3160|
3702|3160|
3702|3160|
3702|3160|
3702|3160|
3702|3160|
3702|3160|
3702|3160|
3702|3160|
3702|3160|
3702|3160|
6239|4550|
6239|4550|
6239|4550|
6239|4550|
6239|4550|
6239|4550|
6239|4550|
6239|4550|
6239|4550|
6239|4550|
6239|4550|
6239|4550|
6239|4550|
6239|4550|
6239|4550|
6239|4550|
6239|4550|
6239|4550|
6239|4550|
6239|4550|
6239|4550|
6239|4550|
6239|4550|
6239|4550|
6239|4550|
6239|4550|
6239|4550|
6239|4550|
6239|4550|
6239|4550|
6239|4550|
6239|4550|
6239|4550|
6239|4550|
6239|4550|
6239|4550|
6239|4550|
6239|4550|
6239|4550|
6239|4550|
6239|4550|
6239|4550|
6239|4550|
6239|4550|
6239|4550|
6239|4550|
6239|4550|
6239|4550|
6239|4550|
6239|4550|
6239|4550|
6239|4550|
6239|4550|
6239|4550|
6239|4550|
6239|4550|
6239|4550|
6239|4550|
6239|4550|
6239|4550|
6239|4550|
6239|4550|
6239|4550|
6239|4550|
6239|4550|
6239|4550|
6239|4550|
6239|4550|
6239|4550|
6239|4550|
6239|4550|
6239|4550|
6239|4550|
6239|4550|
6239|4550|
6239|4550|
6239|4550|
6239|4550|
6239|4550|
6239|4550|
6239|4550|
6239|4550|
6239|4550|
6239|4550|
6239|4550|
6239|4550|
6239|4550|
6239|4550|
6239|4550|
6239|4550|
6239|4550|
6239|4550|
6239|4550|
6239|4550|
6239|4550|
3055|318|
3055|318|
3055|318|
3055|318|
1441382|17665|
1441382|17665|
1441382|17665|
1441382|17665|
168636|7588|
168636|7588|
168636|7588|
158441|7316|
158441|7316|
158441|7316|
158441|7316|
158441|7316|
4236|3541|
4236|3541|
4236|3541|
4236|3541|
4236|3541|
4236|3541|
4236|3541|
4236|3541|
4236|3541|
4236|3541|
4236|3541|
4236|3541|
4236|3541|
4236|3541|
4236|3541|
4236|3541|
4236|3541|
4236|3541|
4236|3541|
4236|3541|
4236|3541|
4236|3541|
4236|3541|
4236|3541|
4236|3541|
4236|3541|
4236|3541|
4236|3541|
4236|3541|
4236|3541|
4236|3541|
4236|3541|
4236|3541|
4236|3541|
4236|3541|
4236|3541|
4236|3541|
4236|3541|
4236|3541|
4236|3541|
4236|3541|
4236|3541|
4236|3541|
4236|3541|
4236|3541|
4236|3541|
4236|3541|
4236|3541|
4236|3541|
4236|3541|
4236|3541|
4236|3541|
4236|3541|
4236|3541|
4236|3541|
4236|3541|
4236|3541|
4236|3541|
4236|3541|
4236|3541|
4236|3541|
4236|3541|
4236|3541|
4236|3541|
4236|3541|
4236|3541|
4236|3541|
|34832|
|34832|
|34832|
4100|26908|
4100|26908|
4100|26908|
4100|26908|
4100|26908|
4100|26908|
4100|26908|
4530|3657|
4530|3657|
4530|3657|
4530|3657|
4530|3657|
157791|3968|
157791|3968|
157791|3968|
157791|3968|
157791|3968|
157791|3968|
3847|3477|
3847|3477|
3847|3477|
3847|3477|
3847|3477|
3847|3477|
3847|3477|
3847|3477|
3847|3477|
3847|3477|
3847|3477|
3847|3477|
3847|3477|
3847|3477|
3847|3477|
3847|3477|
3847|3477|
3847|3477|
3847|3477|
6396|4991|
6396|4991|
6396|4991|
6396|4991|
6396|4991|
6396|4991|
6396|4991|
6396|4991|
6396|4991|
6396|4991|
6396|4991|
6396|4991|
6396|4991|
6396|4991|
6396|4991|
6396|4991|
6396|4991|
6396|4991|
6396|4991|
6396|4991|
4236|3541|
4236|3541|
4236|3541|
4236|3541|
4236|3541|
4236|3541|
4236|3541|
4236|3541|
4236|3541|
4236|3541|
4236|3541|
4236|3541|
4236|3541|
4236|3541|
4236|3541|
4236|3541|
4236|3541|
4236|3541|
4236|3541|
4236|3541|
4236|3541|
4236|3541|
4236|3541|
4236|3541|
4236|3541|
4236|3541|
4236|3541|
4236|3541|
4236|3541|
4236|3541|
4236|3541|
4236|3541|
4236|3541|
4236|3541|
4236|3541|
4236|3541|
4236|3541|
4236|3541|
4236|3541|
4236|3541|
4236|3541|
4236|3541|
4236|3541|
4236|3541|
4236|3541|
4236|3541|
4236|3541|
4236|3541|
4236|3541|
4236|3541|
4236|3541|
4236|3541|
4236|3541|
4236|3541|
4236|3541|
4236|3541|
4236|3541|
4236|3541|
4236|3541|
4236|3541|
4236|3541|
3702|3160|
3702|3160|
3702|3160|
3702|3160|
3702|3160|
4100|26908|
4100|26908|
4100|26908|
4100|26908|
4100|26908|
4100|26908|
4100|26908|
4100|26908|
4100|26908|
4100|26908|
4100|26908|
4100|26908|
4100|26908|
4100|26908|
4100|26908|
4100|26908|
118841|46262|
118841|46262|
118841|46262|
118841|46262|
118841|46262|
118841|46262|
118841|46262|
118841|46262|
118841|46262|
118841|46262|
118841|46262|
118841|46262|
118841|46262|
118841|46262|
118841|46262|
118841|46262|
118841|46262|
118841|46262|
118841|46262|
118841|46262|
118841|46262|
118841|46262|
118841|46262|
118841|46262|
118841|46262|
118841|46262|
118841|46262|
118841|46262|
118841|46262|
118841|46262|
118841|46262|
118841|46262|
118841|46262|
118841|46262|
118841|46262|
118841|46262|
118841|46262|
118841|46262|
118841|46262|
118841|46262|
118841|46262|
118841|46262|
118841|46262|
118841|46262|
118841|46262|
118841|46262|
118841|46262|
118841|46262|
118841|46262|
118841|46262|
118841|46262|
118841|46262|
118841|46262|
118841|46262|
118841|46262|
118841|46262|
118841|46262|
118841|46262|
118841|46262|
118841|46262|
118841|46262|
118841|46262|
118841|46262|
118841|46262|
118841|46262|
118841|46262|
118841|46262|
118841|46262|
118841|46262|
118841|46262|
118841|46262|
118841|46262|
118841|46262|
118841|46262|
118841|46262|
118841|46262|
118841|46262|
118841|46262|
118841|46262|
118841|46262|
118841|46262|
118841|46262|
118841|46262|
118841|46262|
118841|46262|
118841|46262|
118841|46262|
118841|46262|
118841|46262|
118841|46262|
4565|3930|
4565|3930|
4565|3930|
4565|3930|
4565|3930|
4565|3930|
4565|3930|
4565|3930|
4565|3930|
4565|3930|
4565|3930|
4565|3930|
4565|3930|
4565|3930|
4565|3930|
4565|3930|
4565|3930|
4565|3930|
4565|3930|
4565|3930|
4565|3930|
4565|3930|
4565|3930|
4565|3930|
4565|3930|
4565|3930|
4565|3930|
4565|3930|
4565|3930|
4565|3930|
4565|3930|
4565|3930|
4565|3930|
4565|3930|
4565|3930|
4565|3930|
4565|3930|
4565|3930|
4565|3930|
4565|3930|
4565|3930|
4565|3930|
4565|3930|
4565|3930|
4565|3930|
4565|3930|
4565|3930|
4565|3930|
4565|3930|
4565|3930|
4565|3930|
4565|3930|
4565|3930|
4565|3930|
4565|3930|
4565|3930|
4565|3930|
4565|3930|
4565|3930|
4565|3930|
4565|3930|
4565|3930|
4565|3930|
4565|3930|
4565|3930|
4565|3930|
4565|3930|
4565|3930|
4565|3930|
4565|3930|
4565|3930|
4565|3930|
4565|3930|
4565|3930|
4565|3930|
4565|3930|
4565|3930|
4565|3930|
4565|3930|
4565|3930|
4565|3930|
4565|3930|
4565|3930|
4565|3930|
6396|4991|
